11 2
19 2
24 2
31 2
46 1
52 2
59 2
68 1
80 1
100 2
103 2
106 3
126 2
137 4
147 4
155 1
161 2
169 2
172 2
178 2
198 1
205 3
216 2
225 1
226 2
252 2
260 3
268 3
272 2
275 2
283 2
289 1
291 1
305 2
310 2
313 2
320 1
328 3
346 2
348 1
354 2
359 2
360 2
367 2
370 1
378 2
386 2
410 2
411 2
423 2
431 2
433 2
434 2
448 2
458 2
468 2
483 2
491 2
511 2
528 5
532 2
540 2
544 2
555 1
561 2
566 2
570 2
579 2
594 2
607 2
611 2
615 1
616 1
618 2
622 2
643 1
668 1
678 2
696 2
719 2
720 1
725 1
726 2
741 1
742 2
760 2
772 2
778 1
795 2
802 2
807 1
812 2
830 2
846 1
848 2
860 2
876 2
908 2
909 2
913 2
922 2
932 2
945 1
950 1
952 2
954 2
971 2
973 2
980 2
988 1
1013 2
1029 4
1033 3
1039 2
1052 2
1055 4
1062 2
1065 2
1068 3
1088 3
1098 2
1110 2
1119 4
1122 4
1137 4
1144 2
1152 3
1161 1
1178 2
1188 1
1201 1
1211 1
1212 2
1213 2
1234 2
1241 1
1246 1
1254 1
1280 1
1289 1
1298 1
1301 2
1310 2
1316 1
1322 1
1325 1
1329 2
1330 1
1340 2
1344 1
1347 2
1355 2
1362 2
1395 1
1398 1
1437 2
1441 2
1447 1
1452 1
1453 2
1459 2
1465 2
1478 2
1485 1
1486 1
1495 2
1506 1
1507 1
1508 2
1521 1
1532 2
1541 2
1543 1
1553 1
1555 1
1558 4
1566 2
1569 1
1615 2
1623 3
1643 1
1659 1
1663 2
1668 2
1678 2
1704 2
1727 2
1736 4
1758 2
1761 1
1771 3
1807 2
1811 1
1823 2
1882 4
1886 2
1889 2
1892 2
1930 2
1941 3
1944 1
1947 2
1959 2
1969 1
1988 4
1989 2
1994 3
1999 2
2002 2
2008 2
2012 2
2014 2
2019 4
2038 2
2045 2
2049 1
2088 2
2091 2
2094 2
2105 2
2122 2
2134 2
2142 4
2147 4
2153 4
2164 2
2181 2
2188 3
2192 2
2194 2
2195 2
2198 3
2208 4
2216 2
2224 4
2227 2
2235 2
2241 2
2246 2
2258 4
2260 2
2264 4
2274 1
2275 2
2307 2
2318 3
2321 4
2340 2
2341 2
2343 3
2344 2
2358 2
2377 4
2403 2
2404 2
2413 1
2427 2
2430 2
2439 2
2440 1
2451 1
2454 1
2465 2
2475 1
2490 1
2492 1
2519 2
2529 1
2532 1
2533 2
2534 1
2535 2
2554 1
2563 2
2565 1
2568 1
2572 3
2575 1
2578 1
2586 2
2608 2
2631 2
2641 1
2645 1
2647 1
2653 2
2662 1
2664 1
2667 1
2674 2
2675 1
2681 2
2682 2
2695 1
2697 1
2708 1
2710 4
2711 2
2717 2
2719 1
2729 1
2739 2
2747 1
2748 2
2759 2
2765 3
2796 2
2802 3
2807 1
2812 1
2844 2
2853 1
2857 1
2860 1
2861 1
2862 3
2864 2
2867 1
2871 2
2875 2
2891 1
2906 2
2923 4
2931 2
2943 4
2950 1
2974 1
2984 2
2988 1
2999 2
3006 2
3012 1
3030 1
3043 1
3065 3
3066 3
3088 2
3101 1
3117 2
3143 2
3146 2
3183 2
3215 2
3219 2
3220 1
3233 2
3236 2
3241 2
3253 2
3262 1
3282 3
3283 3
3299 3
3301 1
3312 2
3316 1
3331 1
3333 2
3334 1
3348 1
3352 2
3353 2
3364 2
3375 2
3391 2
3397 2
3426 2
3429 2
3463 1
3480 2
3486 1
3492 2
3501 2
3512 1
3540 2
3545 2
3547 2
3565 1
3567 2
3568 2
3590 4
3594 3
3598 1
3604 2
3605 2
3617 1
3644 2
3659 2
3695 4
3701 2
3742 2
3776 2
3787 2
3802 4
3804 1
3808 1
3824 2
3837 3
3864 4
3869 1
3904 1
3918 3
3919 2
3937 2
3941 2
3944 2
3951 3
3971 2
3972 2
3990 2
3996 2
4001 3
4015 2
4022 1
4026 4
4049 5
4050 3
4083 4
4085 2
4151 1
4165 2
4172 5
4196 2
4210 2
4212 2
4223 2
4278 3
4283 2
4285 2
4297 2
4306 2
4307 4
4360 2
4377 2
4378 3
4379 3
4384 2
4416 2
4424 2
4464 3
4468 3
4470 2
4475 2
4479 2
4484 2
4487 4
4488 2
4495 2
4500 3
4512 2
4518 4
4519 3
4538 3
4543 2
4557 3
4558 2
4581 3
4585 4
4587 3
4588 2
4595 4
4613 1
4627 2
4629 1
4630 4
4631 2
4642 4
4644 2
4646 2
4659 2
4661 1
4662 1
4666 2
4668 1
4679 2
4685 4
4700 3
4704 2
4709 2
4718 4
4730 3
4750 4
4769 3
4783 4
4819 2
4822 2
4823 3
4830 4
4832 2
4837 4
4856 3
4861 2
4872 2
4876 4
4881 4
4888 5
4898 2
4904 4
4907 2
4908 2
4918 2
4931 4
4932 4
4936 3
4940 2
4943 5
4967 3
4969 2
4977 4
4982 4
4985 3
4986 1
4988 2
4990 2
5002 2
5013 1
5035 1
5042 1
5052 1
5061 1
5069 2
5070 1
5073 1
5094 1
5102 1
5106 2
5115 1
5117 2
5120 1
5123 2
5124 1
5142 2
5148 3
5166 1
5173 1
5176 1
5178 1
5195 2
5208 1
5235 1
5240 2
5245 2
5253 1
5281 2
5292 1
5295 1
5308 1
5315 2
5337 2
5347 1
5352 1
5368 1
5371 2
5374 2
5387 1
5392 2
5408 2
5409 2
5426 2
5428 1
5429 2
5436 2
5441 2
5453 2
5455 1
5461 1
5462 1
5463 1
5480 1
5485 1
5489 1
5491 2
5495 2
5516 2
5525 1
5540 1
5549 1
5556 2
5578 2
5601 2
5602 2
5610 1
5614 1
5622 2
5643 1
5661 2
5667 2
5672 1
5682 1
5686 1
5694 2
5706 4
5711 2
5712 1
5721 1
5728 2
5738 2
5741 2
5743 1
5744 1
5764 1
5767 2
5784 1
5795 2
5805 1
5810 2
5823 4
5833 2
5844 3
5850 1
5867 2
5927 1
5944 1
5964 1
5978 2
5982 2
5993 2
6016 2
6022 2
6030 2
6044 2
6066 2
6081 2
6087 2
6088 2
6105 1
6106 1
6112 2
6123 2
6142 2
6151 1
6153 1
6175 1
6182 1
6185 1
6194 1
6196 2
6207 1
6209 1
6213 2
6237 2
6250 2
6252 2
6258 1
6272 1
6276 2
6283 2
6288 1
6309 1
6319 2
6327 1
6328 1
6338 2
6342 2
6352 3
6358 1
6372 1
6375 1
6378 2
6380 2
6398 3
6403 2
6420 2
6422 3
6423 2
6425 1
6429 2
6433 2
6439 1
6447 2
6478 2
6503 2
6508 2
6512 3
6522 3
6532 2
6542 1
6553 2
6556 2
6557 3
6575 3
6594 2
6606 3
6616 2
6626 2
6632 1
6635 2
6644 4
6649 1
6667 2
6668 3
6719 2
6722 3
6727 3
6732 1
6737 2
6754 2
6757 1
6758 2
6773 2
6774 2
6783 2
6794 2
6797 2
6822 2
6855 1
6857 2
6867 2
6871 2
6881 1
6886 2
6893 2
6896 2
6900 2
6902 2
6910 1
6918 1
6936 1
6958 1
6962 2
6978 2
6987 2
7002 3
7011 2
7012 2
7036 2
7081 3
7089 1
7092 2
7096 1
7098 1
7101 2
7137 2
7141 1
7149 5
7151 2
7157 1
7158 2
7174 1
7176 3
7182 2
7188 2
7197 3
7222 2
7224 2
7233 2
7242 2
7244 2
7305 2
7312 3
7316 1
7318 2
7333 2
7338 1
7361 2
7367 2
7375 2
7379 3
7395 2
7410 1
7413 2
7427 5
7436 2
7437 3
7445 2
7446 2
7447 2
7459 2
7460 2
7496 2
7532 4
7543 2
7553 2
7560 2
7564 4
7569 2
7583 2
7584 2
7585 2
7601 3
7628 4
7646 4
7649 3
7652 2
7657 2
7662 1
7676 2
7677 2
7685 2
7692 3
7695 3
7696 2
7702 4
7717 1
7720 2
7726 2
7753 1
7758 2
7765 2
7770 1
7791 1
7793 4
7806 2
7813 3
7823 2
7830 2
7864 2
7869 2
7882 2
7922 2
7944 2
7959 2
7969 2
7977 3
7978 1
7979 4
7986 3
7995 2
7996 2
7998 4
8001 3
8007 1
8009 2
8025 2
8033 2
8034 2
8044 2
8045 2
8047 2
8068 3
8075 2
8079 3
8081 2
8109 2
8117 2
8119 2
8126 3
8141 2
8150 2
8157 2
8162 2
8163 2
8169 4
8178 2
8182 2
8183 2
8194 2
8199 2
8217 1
8240 2
8247 2
8248 2
8254 5
8276 4
8283 3
8298 2
8306 1
8309 2
8330 4
8332 4
8345 2
8366 2
8374 1
8388 2
8397 3
8406 2
8418 4
8429 2
8439 2
8448 2
8454 1
8455 2
8462 2
8466 4
8480 2
8494 4
8497 2
8517 2
8526 2
8538 2
8575 2
8578 2
8597 2
8600 3
8609 2
8616 2
8622 2
8629 2
8645 2
8655 3
8658 3
8664 2
8665 2
8666 4
8684 2
8686 4
8705 4
8717 2
8730 5
8741 4
8753 5
8760 4
8768 2
8805 2
8807 3
8825 4
8826 2
8830 2
8833 1
8841 4
8851 5
8857 1
8858 2
8859 4
8868 4
8871 2
8885 2
8893 2
8904 2
8906 2
8911 2
8930 2
8956 2
8958 2
8972 2
8973 2
8975 2
8977 4
8979 3
9001 3
9022 2
9026 1
9032 2
9068 2
9075 2
9076 3
9108 4
9117 2
9119 3
9123 2
9132 2
9141 4
9143 2
9145 2
9150 2
9172 2
9178 3
9181 5
9183 2
9184 2
9186 2
9193 2
9197 2
9201 3
9209 2
9234 2
9242 3
9257 4
9258 2
9277 2
9294 2
9302 3
9311 2
9321 2
9323 2
9354 2
9355 2
9357 2
9361 2
9371 4
9373 2
9379 2
9383 4
9402 2
9409 2
9425 2
9454 4
9462 2
9466 3
9487 2
9504 2
9506 4
9521 2
9540 2
9542 1
9544 1
9548 2
9564 4
9571 2
9585 4
9605 5
9610 5
9612 4
9617 2
9623 5
9640 3
9657 3
9661 4
9665 2
9675 3
9684 2
9687 4
9695 2
9700 2
9713 2
9720 1
9728 3
9732 5
9735 2
9739 4
9746 2
9757 1
9763 2
9766 2
9776 5
9785 5
9790 2
9791 4
9797 2
9799 3
9809 2
9820 2
9823 4
9833 2
9851 2
9852 3
9867 2
9870 1
9884 1
9899 1
9900 2
9914 1
9915 2
9917 2
9923 1
9927 2
9930 1
9931 2
9935 1
9941 2
9951 1
9955 2
9975 1
9976 2
9977 3
9981 1
10002 2
10004 1
10007 2
10011 1
10018 1
10022 1
10024 2
10041 2
10043 1
10046 1
10048 1
10056 1
10066 1
10078 2
10087 1
10088 1
10100 1
10110 2
10124 2
10127 2
10139 1
10140 1
10143 2
10159 2
10167 1
10175 1
10187 1
10192 2
10205 1
10213 2
10217 1
10220 2
10221 1
10223 2
10232 1
10237 2
10269 1
10281 1
10288 2
10292 1
10308 2
10309 2
10316 1
10326 2
10327 2
10343 2
10376 2
10377 1
10386 2
10387 2
10403 1
10405 1
10407 2
10411 1
10418 2
10428 1
10431 2
10448 4
10455 1
10464 1
10486 1
10493 2
10498 2
10500 2
10508 1
10511 2
10513 2
10518 2
10523 2
10530 2
10534 1
10552 1
10560 2
10570 1
10572 2
10577 1
10578 2
10598 2
10599 1
10607 1
10613 1
10625 1
10635 1
10644 2
10646 2
10654 1
10660 1
10678 1
10681 2
10684 1
10699 2
10701 2
10707 1
10729 2
10736 2
10747 2
10750 2
10753 1
10755 1
10765 1
10771 1
10772 1
10774 2
10785 1
10818 2
10824 2
10829 2
10834 1
10836 2
10862 3
10869 2
10872 1
10878 2
10917 1
10932 1
10939 2
10941 2
10944 1
10946 1
10950 2
10952 3
10961 1
10987 1
10993 1
10996 2
11024 2
11030 1
11033 2
11055 1
11059 1
11066 1
11067 1
11126 2
11127 2
11137 1
11144 3
11155 2
11165 2
11172 2
11185 2
11186 3
11190 1
11216 1
11231 3
11239 1
11242 2
11245 2
11250 2
11257 2
11266 1
11269 2
11270 1
11276 2
11278 3
11279 1
11285 1
11298 2
11308 2
11316 3
11327 2
11332 2
11333 2
11335 2
11356 1
11380 1
11385 2
11400 1
11403 2
11425 1
11432 2
11442 2
11450 1
11467 2
11481 2
11493 2
11495 1
11498 2
11505 2
11506 2
11510 2
11518 2
11521 2
11526 1
11528 1
11554 1
11558 2
11566 2
11582 2
11584 3
11587 1
11592 1
11594 1
11621 2
11622 1
11624 1
11635 1
11638 1
11647 2
11649 2
11652 1
11662 3
11665 2
11672 1
11685 1
11687 1
11688 2
11704 1
11718 2
11719 3
11737 1
11747 2
11748 1
11750 2
11751 1
11755 2
11783 2
11792 1
11795 2
11799 2
11812 1
11818 2
11832 2
11850 1
11860 3
11872 2
11880 1
11884 1
11886 2
11903 1
11910 1
11911 2
11920 2
11945 2
11946 2
11952 2
11953 1
11955 3
11962 1
11974 2
11975 1
11982 3
11998 2
12028 1
12029 2
12032 2
12040 3
12043 2
12049 2
12076 2
12108 1
12122 1
12131 1
12139 2
12146 2
12151 2
12157 2
12166 2
12167 1
12174 2
12180 2
12198 2
12205 2
12209 2
12219 1
12227 2
12236 1
12239 1
12244 5
12247 2
12248 1
12263 1
12270 1
12277 2
12285 1
12287 1
12288 1
12294 1
12304 2
12317 2
12319 2
12325 1
12359 4
12370 3
12372 1
12376 2
12378 1
12388 2
12406 1
12407 2
12412 2
12434 1
12452 2
12453 1
12517 2
12522 3
12525 2
12532 1
12536 2
12580 2
12600 1
12621 2
12642 2
12643 2
12654 1
12667 1
12669 2
12671 2
12678 1
12681 2
12691 2
12694 2
12697 2
12707 2
12752 1
12769 1
12773 2
12778 2
12793 2
12803 3
12807 4
12827 1
12844 2
12846 1
12847 2
12848 2
12854 2
12863 2
12875 2
12876 2
12883 2
12902 2
12908 2
12914 2
12915 2
12929 2
12931 2
12938 2
12942 2
12951 2
12955 2
12962 2
12970 5
12981 2
12983 2
12999 2
13013 2
13036 2
13050 2
13052 2
13055 1
13062 2
13066 1
13068 2
13097 2
13099 2
13116 2
13118 2
13126 2
13148 2
13151 2
13156 2
13164 2
13170 4
13181 1
13190 2
13212 2
13218 3
13220 2
13227 2
13228 1
13257 2
13264 5
13269 2
13281 1
13283 1
13297 2
13307 3
13308 1
13319 1
13327 2
13332 4
13345 2
13356 1
13359 2
13361 3
13369 1
13392 2
13411 1
13414 1
13436 2
13492 2
13515 2
13519 2
13527 4
13564 2
13598 2
13599 1
13606 2
13608 2
13613 2
13621 2
13631 3
13638 3
13643 1
13689 1
13707 2
13708 1
13735 2
13742 1
13747 2
13763 1
13764 2
13768 1
13773 4
13778 1
13798 2
13809 2
13814 1
13824 2
13826 2
13827 2
13846 2
13860 2
13868 2
13869 1
13889 2
13892 2
13894 2
13895 2
13908 2
13911 2
13925 2
13949 1
13955 2
13971 1
13974 2
13979 1
13983 2
14016 2
14018 3
14049 4
14058 2
14079 2
14085 2
14114 1
14116 1
14141 2
14162 2
14170 2
14185 2
14218 1
14231 1
14237 2
14248 2
14258 2
14267 1
14274 4
14282 2
14284 2
14291 2
14296 4
14302 1
14304 2
14321 2
14357 2
14359 2
14365 1
14377 4
14392 2
14399 1
14414 2
14417 1
14429 2
14444 3
14448 2
14462 3
14465 2
14472 1
14474 2
14508 1
14511 4
14524 3
14528 1
14532 4
14534 1
14553 2
14556 2
14592 2
14593 2
14595 2
14605 4
14610 4
14611 2
14612 2
14629 2
14631 3
14648 1
14683 1
14684 2
14709 2
14717 2
14723 2
14728 1
14743 2
14747 2
14759 5
14787 2
14802 2
14805 1
14807 3
14835 2
14843 1
14850 2
14854 2
14858 2
14867 2
14872 3
14890 4
14897 2
14905 2
14909 1
14919 4
14920 2
14927 2
14931 2
14936 2
14944 5
14952 2
14974 2
14977 1
14987 2
15004 3
15009 2
15015 2
15017 2
15025 2
15046 2
15072 2
15082 2
15090 2
15096 2
15135 2
15136 2
15149 2
15154 2
15164 2
15179 2
15186 2
15196 2
15198 3
15218 2
15221 2
15242 1
15245 4
15261 1
15263 2
15281 2
15318 2
15326 2
15381 2
15387 2
15388 2
15395 2
15397 1
15403 2
15434 2
15436 2
15450 2
15451 4
15458 2
15476 2
15495 2
15497 2
15518 4
15523 1
15539 2
15549 2
15564 1
15574 2
15601 2
15607 1
15615 2
15645 2
15647 2
15664 3
15673 2
15701 4
15705 2
15710 4
15716 1
15718 2
15744 2
15752 2
15755 2
15761 2
15766 2
15777 2
15778 4
15793 5
15804 2
15818 2
15824 2
15829 2
15856 4
15864 2
15872 4
15898 3
15905 2
15910 1
15912 2
15933 1
15936 2
15944 1
15960 3
15969 3
15970 2
16004 2
16006 2
16007 2
16014 2
16015 1
16027 1
16051 2
16063 3
16069 2
16079 2
16095 2
16108 4
16113 2
16168 1
16176 2
16183 5
16189 3
16197 2
16208 2
16248 2
16261 2
16263 2
16312 2
16315 2
16317 2
16334 3
16355 4
16360 2
16361 2
16392 2
16401 3
16407 2
16415 2
16419 5
16423 2
16429 3
16439 2
16453 3
16463 2
16471 2
16479 2
16489 2
16493 4
16494 2
16501 4
16523 2
16524 2
16530 2
16538 1
16539 3
16541 2
16559 3
16577 4
16593 2
16615 1
16617 1
16619 2
16623 3
16624 2
16628 1
16636 2
16644 4
16651 2
16661 2
16667 2
16679 2
16683 2
16685 2
16695 2
16698 2
16706 2
16711 2
16713 3
16725 3
16772 2
16783 4
16788 2
16789 1
16790 2
16808 1
16812 2
16813 2
16823 2
16834 2
16847 2
16855 2
16863 2
16864 2
16888 2
16892 2
16903 3
16911 3
16912 1
16913 2
16923 1
16936 2
16955 2
16967 2
16973 2
16975 2
16980 2
16987 2
16993 2
17003 4
17036 3
17052 3
17053 2
17077 3
17083 2
17092 2
17097 4
17127 4
17136 2
17142 4
17156 3
17188 2
17198 2
17210 2
17220 2
17227 2
17243 4
17251 2
17269 2
17273 4
17277 2
17282 4
17293 2
17299 2
17301 2
17304 2
17322 4
17348 2
17350 4
17371 4
17388 2
17398 3
17416 4
17435 2
17451 2
17456 2
17459 3
17460 3
17493 2
17511 4
17524 2
17539 3
17572 3
17588 2
17602 2
17612 1
17624 3
17636 2
17650 2
17656 2
17665 2
17667 2
17674 2
17675 2
17686 3
17687 2
17689 3
17700 2
17703 2
17710 2
17717 4
17732 3
17740 4
17741 2
17759 2
17764 2
17768 4
17776 4
17782 2
17790 2
17801 2
17802 2
17806 2
17817 2
17824 3
17827 1
17829 2
17833 3
17860 4
17868 1
17872 2
17879 5
17882 5
17908 2
17915 2
17923 2
17933 2
17945 4
17980 3
18007 2
18019 4
18031 4
18033 2
18039 3
18042 2
18055 2
18056 4
18057 1
18067 1
18073 4
18084 2
18087 2
18090 4
18097 2
18109 2
18140 4
18143 3
18172 2
18173 2
18180 2
18194 5
18197 3
18214 2
18221 4
18224 2
18251 3
18254 2
18258 3
18260 4
18273 2
18298 2
18300 2
18303 3
18304 2
18334 4
18335 2
18336 1
18341 2
18342 3
18355 2
18356 4
18357 4
18390 2
18393 2
18397 2
18403 5
18413 2
18428 3
18430 4
18437 2
18448 3
18462 4
18464 2
18466 2
18470 2
18484 3
18493 2
18499 2
18501 2
18503 1
18509 3
18512 3
18513 3
18519 2
18530 2
18531 2
18534 4
18545 6
18547 4
18550 4
18584 2
18597 3
18598 2
18622 4
18635 2
18639 2
18642 2
18649 2
18658 4
18671 3
18682 2
18701 3
18703 3
18734 1
18740 3
18744 2
18753 5
18766 2
18768 2
18769 2
18774 1
18777 2
18786 2
18789 1
18795 3
18802 2
18803 2
18815 3
18821 2
18828 2
18829 4
18833 3
18845 2
18846 2
18855 5
18865 3
18871 2
18879 5
18880 2
18882 2
18886 2
18894 2
18905 2
18907 2
18920 4
18927 2
18936 3
18941 3
18942 4
18945 2
18955 2
18966 3
18973 2
18976 3
18977 2
18986 5
19014 2
19023 5
19035 4
19056 2
19068 2
19080 2
19095 2
19100 3
19124 2
19138 2
19146 4
19157 4
19158 4
19188 2
19202 4
19217 2
19218 3
19227 2
19237 2
19238 2
19243 3
19258 2
19260 3
19278 4
19279 1
19284 2
19288 2
19298 2
19311 3
19321 3
19323 3
19327 6
19334 3
19341 4
19344 4
19349 3
19353 5
19372 4
19378 3
19403 4
19414 2
19424 3
19438 2
19447 2
19458 2
19462 2
19471 2
19477 3
19490 2
19491 5
19499 3
19506 4
19518 3
19523 2
19527 4
19536 3
19538 5
19539 4
19546 4
19561 2
19566 4
19573 3
19574 2
19578 2
19584 4
19603 2
19625 1
19628 2
19647 2
19653 1
19667 2
19668 2
19672 2
19681 1
19686 1
19687 2
19690 1
19695 1
19707 1
19711 2
19714 1
19716 2
19729 1
19732 1
19738 1
19760 1
19769 2
19779 2
19784 2
19788 2
19793 2
19795 1
19799 2
19802 1
19803 2
19815 2
19820 1
19821 1
19845 1
19846 1
19862 1
19863 1
19865 2
19874 2
19875 1
19888 1
19892 3
19894 1
19899 2
19904 1
19907 2
19915 2
19922 1
19924 1
19937 1
19941 2
19949 2
19957 1
19958 1
19959 2
19962 1
19978 1
19980 2
19993 2
20010 1
20015 1
20017 1
20022 1
20024 3
20045 1
20054 1
20055 2
20076 2
20095 2
20101 2
20106 1
20108 1
20112 1
20117 1
20132 1
20161 1
20164 1
20186 2
20190 2
20193 1
20205 2
20223 2
20225 1
20237 1
20239 1
20240 2
20247 2
20250 1
20254 1
20260 1
20270 2
20273 2
20277 2
20283 1
20284 2
20292 1
20298 3
20301 1
20303 1
20312 2
20317 1
20327 1
20334 1
20343 1
20355 2
20361 1
20364 2
20366 2
20370 2
20401 1
20415 2
20434 2
20454 2
20470 2
20475 2
20491 2
20505 1
20514 2
20522 1
20524 1
20527 2
20532 1
20538 1
20541 1
20546 1
20567 2
20568 1
20588 1
20589 2
20598 1
20603 1
20608 1
20622 3
20626 2
20627 3
20637 2
20677 2
20680 2
20682 2
20683 2
20686 2
20689 2
20704 2
20730 2
20733 2
20735 1
20748 1
20753 3
20757 2
20760 1
20772 2
20773 1
20785 1
20798 2
20804 2
20807 1
20823 1
20827 1
20833 4
20834 2
20837 1
20849 1
20857 2
20863 2
20867 1
20868 1
20894 2
20903 2
20910 2
20916 2
20932 1
20933 2
20952 1
20957 2
20980 2
20992 2
20999 2
21006 1
21007 1
21012 2
21026 2
21030 1
21032 2
21037 3
21046 2
21056 3
21059 2
21062 1
21068 2
21075 2
21076 1
21080 1
21100 2
21106 2
21116 1
21118 1
21121 1
21127 1
21136 1
21153 1
21156 1
21186 1
21190 3
21192 2
21196 2
21202 2
21215 2
21216 1
21235 2
21237 2
21257 1
21265 2
21269 2
21270 1
21273 1
21283 1
21287 1
21295 1
21308 1
21312 2
21320 2
21322 2
21324 1
21341 2
21347 2
21350 1
21363 1
21364 1
21385 1
21431 2
21436 1
21441 1
21442 2
21472 2
21477 1
21480 2
21490 1
21494 2
21496 2
21497 1
21499 1
21505 2
21511 1
21519 2
21530 2
21534 1
21548 3
21557 1
21558 1
21590 2
21591 2
21600 1
21608 1
21620 2
21629 1
21646 2
21650 2
21666 1
21685 2
21693 1
21704 1
21707 1
21712 1
21715 3
21724 2
21726 2
21730 1
21732 1
21744 2
21747 2
21761 2
21765 2
21783 1
21785 1
21786 2
21788 1
21792 2
21802 2
21821 2
21826 2
21828 1
21829 2
21831 2
21834 3
21843 2
21850 2
21851 2
21852 1
21866 1
21887 1
21891 2
21895 2
21899 2
21901 1
21902 1
21903 2
21912 2
21913 1
21921 1
21948 1
21958 1
21959 2
21990 2
21992 2
21995 2
22004 2
22007 2
22008 2
22020 2
22023 2
22024 2
22031 2
22042 2
22065 1
22070 2
22072 1
22073 1
22077 2
22099 3
22112 2
22119 2
22147 1
22150 1
22153 2
22163 3
22168 2
22169 2
22171 2
22177 1
22182 2
22191 1
22204 2
22220 1
22225 1
22231 1
22237 1
22258 1
22267 1
22307 2
22322 1
22348 1
22349 2
22357 2
22358 1
22362 1
22367 2
22387 2
22408 1
22412 1
22416 2
22427 2
22431 1
22432 2
22433 2
22436 2
22440 1
22446 2
22448 1
22453 2
22465 2
22468 2
22497 1
22522 2
22528 1
22533 4
22538 1
22550 1
22557 1
22573 2
22574 3
22578 1
22580 2
22589 1
22590 2
22622 1
22625 2
22649 2
22678 2
22701 1
22703 2
22707 2
22714 2
22720 2
22723 2
22724 2
22726 3
22729 1
22731 2
22734 1
22741 3
22743 1
22745 2
22759 2
22778 2
22781 2
22784 2
22800 1
22804 2
22810 1
22840 2
22845 1
22861 1
22863 2
22879 2
22888 1
22901 1
22939 2
22947 2
22949 1
22966 1
22986 2
22989 2
22991 2
23012 2
23020 2
23029 2
23034 2
23040 2
23045 2
23050 1
23052 2
23056 1
23078 2
23101 2
23111 3
23123 2
23133 1
23140 1
23162 1
23168 1
23171 2
23173 1
23174 1
23225 1
23253 2
23273 1
23279 2
23287 1
23297 2
23318 1
23335 2
23347 2
23348 1
23350 1
23351 2
23378 2
23380 2
23387 1
23400 1
23401 1
23406 2
23412 1
23418 2
23421 2
23442 2
23458 1
23463 1
23470 1
23474 2
23481 1
23495 2
23496 2
23501 2
23502 2
23505 2
23506 2
23510 1
23537 1
23540 2
23541 2
23544 2
23553 2
23558 1
23561 1
23600 1
23617 1
23631 1
23633 1
23647 2
23648 2
23652 2
23661 1
23664 1
23682 2
23692 2
23700 1
23717 2
23718 1
23722 2
23729 2
23745 2
23746 2
23749 1
23763 2
23769 1
23782 3
23784 3
23807 2
23823 2
23824 2
23826 1
23846 2
23850 1
23856 3
23862 2
23877 1
23887 2
23890 1
23908 2
23914 1
23924 2
23938 2
23956 2
23958 2
23959 2
23981 1
23995 2
24004 1
24019 2
24020 1
24025 1
24041 2
24050 2
24078 2
24090 2
24097 2
24129 2
24130 2
24131 4
24158 1
24167 2
24172 2
24181 3
24184 1
24187 1
24194 2
24197 1
24198 2
24204 2
24205 2
24209 3
24215 2
24232 2
24237 1
24238 2
24242 2
24245 2
24247 2
24248 1
24263 2
24291 1
24312 1
24343 1
24363 2
24376 2
24386 1
24398 2
24402 2
24407 1
24416 1
24433 2
24437 1
24450 3
24468 3
24471 1
24476 2
24491 1
24511 2
24518 1
24519 2
24543 1
24551 2
24558 1
24566 2
24571 2
24586 1
24594 3
24602 1
24639 2
24646 1
24665 2
24674 2
24697 1
24709 2
24735 2
24742 2
24750 2
24755 2
24769 2
24773 1
24778 2
24811 2
24820 2
24835 2
24839 2
24840 2
24859 3
24872 2
24907 2
24912 1
24913 1
24914 2
24915 2
24919 1
24970 1
24978 2
24979 2
24988 2
25004 2
25007 2
25014 2
25015 2
25026 2
25027 1
25059 2
25063 2
25067 2
25071 1
25075 2
25101 2
25102 2
25108 2
25140 2
25143 2
25150 2
25168 2
25170 4
25176 2
25179 4
25193 2
25199 2
25219 1
25231 2
25235 1
25238 1
25262 1
25266 2
25268 2
25292 1
25298 2
25302 2
25304 2
25315 2
25324 1
25335 2
25338 1
25353 2
25363 2
25367 2
25372 1
25374 2
25383 2
25392 1
25394 2
25400 2
25416 2
25447 1
25448 2
25487 2
25492 1
25554 2
25556 2
25569 1
25571 2
25574 3
25581 3
25588 2
25589 2
25594 1
25595 2
25596 2
25612 2
25629 2
25633 2
25635 3
25642 2
25651 2
25653 1
25655 1
25664 1
25679 2
25683 2
25690 3
25694 4
25702 2
25716 1
25740 2
25741 2
25758 2
25763 1
25782 2
25790 2
25795 2
25796 1
25805 1
25823 4
25837 2
25850 2
25853 1
25860 2
25911 2
25928 1
25939 2
25948 2
25953 2
25962 2
25969 2
25976 1
25982 2
25983 1
25998 1
26005 2
26009 3
26016 2
26020 2
26049 2
26050 1
26051 2
26061 1
26063 2
26072 2
26083 1
26086 2
26088 1
26090 1
26099 2
26139 2
26157 2
26161 2
26172 3
26201 2
26216 2
26228 2
26232 1
26238 2
26250 2
26271 1
26274 2
26283 1
26291 1
26310 3
26327 2
26340 2
26355 3
26367 3
26375 2
26379 2
26389 2
26405 2
26412 3
26416 3
26424 2
26432 2
26446 2
26447 1
26458 3
26462 2
26463 2
26467 2
26470 2
26476 1
26484 2
26489 2
26490 2
26493 2
26494 2
26495 1
26499 2
26509 2
26514 3
26519 2
26525 2
26534 3
26536 2
26540 2
26547 3
26579 2
26580 2
26586 1
26587 2
26594 3
26603 2
26604 2
26607 1
26626 1
26640 2
26653 2
26678 2
26698 1
26709 1
26726 2
26727 2
26736 1
26744 2
26748 2
26750 1
26765 2
26780 3
26789 1
26791 2
26792 1
26844 2
26853 2
26854 2
26865 1
26868 2
26902 2
26909 1
26912 1
26932 3
26933 4
26934 2
26935 2
26945 2
26946 2
26947 2
26965 3
26978 3
26979 2
26989 1
26992 2
27001 2
27032 1
27035 1
27041 2
27048 2
27060 2
27066 3
27068 3
27069 2
27092 2
27108 1
27114 2
27127 2
27130 2
27132 2
27133 2
27171 2
27175 2
27193 2
27203 1
27209 1
27218 4
27222 3
27224 2
27256 2
27257 2
27258 2
27274 2
27287 2
27291 2
27293 2
27297 2
27300 2
27306 2
27310 2
27313 2
27316 2
27323 2
27344 2
27354 2
27361 2
27373 2
27378 2
27386 2
27388 2
27391 2
27393 2
27416 3
27426 1
27439 2
27483 1
27495 2
27506 2
27516 3
27545 1
27547 2
27552 2
27575 2
27578 2
27581 3
27585 3
27621 2
27642 2
27650 3
27656 1
27673 2
27683 2
27686 2
27688 2
27690 1
27694 1
27710 2
27714 2
27718 2
27719 2
27722 1
27740 2
27748 1
27751 2
27753 4
27787 2
27794 3
27811 2
27813 2
27814 3
27817 1
27818 1
27833 2
27837 2
27856 3
27860 2
27864 2
27877 1
27887 2
27894 2
27895 1
27899 2
27909 2
27911 4
27916 2
27917 3
27937 2
27964 1
27966 2
27996 2
28001 2
28017 2
28071 1
28075 1
28096 2
28106 2
28124 2
28132 3
28154 2
28174 2
28183 2
28185 3
28194 4
28204 2
28206 2
28227 2
28259 2
28260 2
28264 1
28279 2
28293 2
28303 2
28315 2
28319 2
28321 3
28333 2
28345 1
28346 1
28355 3
28359 1
28391 3
28395 1
28396 2
28401 2
28405 4
28409 5
28421 2
28430 2
28434 2
28437 2
28455 2
28468 2
28472 1
28478 3
28481 4
28497 2
28499 1
28504 2
28508 1
28536 3
28539 2
28552 2
28559 2
28588 2
28589 2
28592 4
28598 2
28599 2
28611 1
28619 3
28621 1
28625 1
28635 2
28651 2
28659 3
28661 2
28664 2
28666 2
28700 2
28748 4
28752 2
28762 2
28780 2
28812 2
28815 3
28832 2
28846 2
28847 2
28856 2
28884 3
28889 3
28895 3
28908 2
28910 4
28914 4
28931 2
28972 2
28977 2
29017 1
29027 2
29028 4
29035 3
29056 1
29077 2
29078 2
29100 2
29101 2
29110 2
29120 2
29122 1
29139 2
29150 2
29166 2
29189 1
29193 1
29210 2
29224 1
29243 2
29245 2
29269 1
29272 2
29285 2
29306 2
29355 2
29364 4
29372 2
29397 2
29403 4
29421 3
29433 3
29438 2
29455 4
29462 1
29475 2
29488 2
29497 1
29502 2
29510 1
29520 2
29528 2
29530 3
29536 1
29546 2
29551 2
29554 4
29566 2
29569 2
29575 1
29605 2
29612 3
29618 2
29622 2
29627 2
29636 4
29638 3
29644 2
29654 2
29662 2
29679 3
29681 2
29682 2
29698 2
29721 2
29745 1
29776 2
29785 1
29817 4
29818 1
29827 3
29834 2
29846 2
29855 1
29912 2
29917 2
29926 2
29932 2
29938 2
29955 2
29966 2
29984 2
29985 2
29997 3
30002 2
30016 4
30020 1
30038 2
30041 1
30052 3
30056 5
30062 2
30081 2
30102 2
30109 3
30110 2
30114 3
30123 2
30130 2
30134 2
30149 2
30153 2
30158 1
30176 2
30178 2
30187 2
30205 2
30216 4
30218 2
30219 1
30224 1
30226 1
30234 2
30243 2
30261 2
30267 2
30278 2
30283 2
30296 2
30297 2
30301 1
30311 1
30319 1
30320 2
30324 2
30328 2
30348 2
30365 2
30369 4
30372 5
30392 2
30407 2
30419 2
30420 1
30432 2
30435 3
30438 2
30465 2
30493 2
30504 4
30505 2
30511 3
30520 2
30536 2
30552 1
30554 3
30592 2
30598 2
30608 2
30631 2
30634 3
30638 2
30639 2
30645 2
30669 2
30673 2
30677 2
30679 3
30724 2
30745 3
30751 2
30761 4
30762 2
30791 2
30802 2
30803 2
30808 2
30820 2
30825 1
30838 2
30840 2
30845 2
30850 2
30866 2
30875 2
30883 1
30895 2
30925 4
30929 3
30934 2
30937 2
30938 1
30940 2
30944 2
30954 2
30975 1
30986 3
30988 1
30990 2
31009 2
31019 1
31030 4
31071 4
31094 2
31154 2
31160 2
31165 2
31195 2
31211 2
31223 2
31226 3
31232 3
31258 2
31277 3
31288 2
31290 2
31300 4
31351 2
31375 2
31378 3
31382 3
31383 3
31397 3
31411 4
31427 2
31447 1
31485 2
31498 2
31501 2
31532 3
31533 5
31540 1
31566 2
31568 2
31578 2
31580 4
31583 1
31585 1
31590 2
31597 2
31603 2
31619 2
31621 2
31640 2
31661 2
31667 1
31674 3
31690 2
31693 4
31694 2
31704 2
31722 4
31730 2
31731 2
31736 2
31741 3
31743 1
31755 3
31760 2
31789 1
31814 2
31820 2
31828 2
31833 1
31856 2
31871 4
31892 2
31895 2
31899 2
31906 2
31907 2
31915 1
31922 1
31938 2
31949 3
31953 2
31959 2
31960 2
31962 2
31969 3
31994 2
32009 2
32019 1
32025 3
32035 2
32046 2
32052 4
32056 3
32058 2
32067 3
32070 2
32082 2
32085 1
32086 2
32088 2
32105 3
32110 2
32132 4
32147 2
32150 2
32163 2
32168 3
32169 4
32170 2
32186 2
32191 1
32206 2
32225 2
32243 2
32244 2
32258 3
32262 3
32268 2
32276 3
32287 2
32289 2
32290 2
32317 2
32324 2
32326 2
32338 2
32351 2
32359 1
32378 2
32380 2
32397 2
32413 2
32416 2
32433 2
32438 2
32454 1
32456 4
32466 2
32469 2
32471 2
32483 2
32486 2
32489 2
32501 2
32541 2
32543 2
32554 2
32576 1
32580 3
32587 3
32594 2
32603 3
32608 1
32619 4
32635 1
32640 2
32642 2
32654 2
32659 4
32674 2
32675 2
32676 2
32678 2
32685 2
32688 2
32691 3
32705 2
32713 4
32725 2
32732 2
32738 2
32740 2
32753 3
32764 1
32805 1
32810 1
32816 2
32845 1
32862 2
32924 2
32930 3
32932 3
32945 3
32947 1
32952 2
32961 3
32975 2
32984 3
32996 2
33015 5
33020 2
33037 2
33040 2
33051 2
33057 2
33076 2
33087 2
33113 2
33145 3
33150 2
33154 2
33172 3
33183 2
33197 2
33201 2
33207 2
33208 2
33225 2
33241 1
33242 3
33247 2
33256 2
33260 4
33289 2
33292 2
33314 3
33372 1
33381 2
33383 4
33384 4
33390 2
33397 1
33409 2
33414 2
33420 2
33433 1
33436 2
33439 2
33442 4
33450 4
33459 2
33463 2
33466 4
33473 2
33484 2
33496 2
33515 3
33518 4
33539 1
33543 2
33574 4
33582 4
33594 2
33606 2
33624 2
33629 2
33630 2
33631 4
33636 2
33637 5
33655 2
33674 2
33678 2
33694 2
33695 1
33701 3
33710 2
33711 3
33718 1
33739 2
33751 1
33769 3
33782 3
33793 3
33797 2
33809 2
33824 1
33827 3
33841 2
33842 4
33864 3
33869 2
33870 2
33879 4
33883 2
33892 2
33896 2
33897 2
33901 2
33902 2
33919 2
33921 2
33924 2
33949 2
33957 2
33978 3
33979 4
33990 4
34004 3
34013 3
34018 3
34020 3
34032 2
34047 1
34073 3
34079 2
34101 3
34144 2
34150 2
34151 2
34169 2
34172 1
34173 2
34190 1
34225 2
34231 2
34243 3
34259 2
34260 5
34289 1
34293 3
34328 2
34335 2
34336 2
34363 2
34367 2
34385 2
34390 3
34400 2
34405 4
34407 1
34408 4
34422 2
34435 3
34436 3
34446 2
34452 2
34464 3
34483 2
34492 4
34535 1
34554 5
34562 2
34569 4
34578 2
34587 2
34588 3
34592 2
34593 4
34605 3
34618 2
34626 2
34634 2
34644 2
34658 2
34664 2
34690 2
34727 2
34733 1
34744 3
34768 5
34772 4
34779 2
34785 4
34786 2
34787 1
34790 1
34791 2
34818 3
34821 2
34826 2
34855 3
34857 2
34867 3
34893 2
34896 2
34909 2
34933 2
34935 2
34953 3
34956 2
34998 3
35000 3
35004 3
35007 4
35016 3
35017 2
35025 2
35032 2
35038 2
35046 2
35050 3
35055 1
35079 2
35096 3
35101 2
35103 2
35107 2
35124 4
35155 2
35164 3
35165 5
35182 2
35205 2
35208 2
35219 3
35226 4
35230 5
35234 2
35237 4
35240 2
35242 2
35246 2
35259 2
35262 2
35294 2
35299 4
35335 2
35339 2
35347 2
35351 1
35384 2
35389 3
35390 4
35402 2
35403 4
35420 2
35425 2
35428 2
35434 3
35443 4
35450 2
35456 3
35472 4
35479 3
35496 1
35511 2
35527 1
35548 2
35558 2
35561 1
35574 2
35576 2
35578 3
35610 5
35614 2
35623 2
35626 2
35629 3
35644 2
35654 2
35658 2
35683 2
35696 2
35697 1
35698 4
35704 3
35709 2
35713 4
35714 2
35724 4
35735 3
35739 2
35747 5
35748 2
35764 2
35770 2
35783 2
35815 2
35816 3
35818 3
35829 2
35843 4
35846 4
35857 2
35870 2
35871 2
35875 2
35882 2
35883 2
35912 2
35935 2
35955 2
35956 3
35974 3
35984 4
35990 3
36014 2
36032 3
36035 4
36046 4
36055 2
36056 2
36064 4
36069 2
36083 2
36093 2
36105 2
36107 1
36108 4
36109 3
36138 4
36143 4
36151 2
36155 3
36159 2
36163 3
36170 4
36171 2
36177 2
36191 2
36195 2
36199 3
36204 1
36207 2
36209 2
36211 5
36224 1
36264 3
36274 2
36277 2
36285 2
36287 2
36319 3
36322 1
36327 4
36328 3
36338 2
36341 2
36360 2
36365 1
36371 2
36373 4
36374 2
36377 2
36388 5
36392 2
36396 2
36399 2
36415 3
36419 3
36425 2
36426 3
36434 2
36446 2
36463 2
36470 2
36477 2
36483 3
36499 2
36504 4
36506 2
36524 3
36525 1
36534 2
36589 2
36591 2
36593 2
36603 2
36604 2
36620 4
36621 2
36624 2
36632 2
36642 2
36647 3
36660 2
36705 3
36723 2
36734 4
36739 2
36745 2
36748 4
36749 4
36751 2
36752 3
36776 3
36783 3
36787 2
36815 1
36816 2
36829 2
36847 2
36861 2
36862 2
36865 2
36874 2
36881 2
36882 3
36885 2
36886 2
36930 2
36947 3
36953 1
36959 3
36979 3
36993 4
37013 3
37016 3
37036 4
37039 3
37046 2
37049 2
37067 3
37070 5
37084 3
37095 5
37098 2
37101 2
37105 2
37124 4
37136 2
37145 3
37146 3
37147 4
37164 3
37169 2
37181 2
37187 3
37192 3
37203 2
37217 2
37224 3
37230 3
37240 3
37242 3
37258 2
37263 2
37267 4
37327 2
37359 2
37360 2
37375 2
37376 2
37380 2
37386 2
37389 2
37399 2
37413 5
37414 3
37416 4
37425 4
37442 2
37462 2
37468 2
37476 2
37481 2
37487 2
37498 2
37499 2
37508 2
37512 2
37519 2
37521 2
37529 2
37534 5
37537 2
37546 2
37575 2
37576 4
37577 2
37580 2
37587 2
37590 2
37593 2
37596 3
37604 2
37631 1
37636 1
37637 2
37638 4
37640 1
37675 2
37691 2
37694 4
37706 3
37707 2
37710 2
37719 5
37724 2
37733 5
37738 3
37740 2
37742 2
37790 2
37792 2
37808 2
37817 2
37823 5
37826 4
37829 4
37830 4
37841 2
37842 4
37848 2
37855 4
37860 2
37862 3
37887 2
37888 4
37892 2
37896 2
37899 4
37915 2
37921 2
37926 2
37937 4
37939 3
37941 2
37955 5
37957 2
37978 2
37987 2
37998 4
38026 2
38029 4
38038 2
38039 2
38060 4
38069 2
38083 2
38084 2
38086 1
38093 2
38100 2
38114 2
38124 2
38127 2
38134 2
38156 2
38157 2
38158 3
38194 3
38208 2
38218 6
38224 5
38235 4
38246 2
38262 4
38305 2
38312 2
38315 3
38318 2
38330 2
38337 2
38345 2
38353 2
38355 2
38364 2
38372 3
38381 3
38386 2
38401 2
38405 2
38420 4
38436 2
38440 2
38441 2
38445 1
38446 2
38464 2
38467 1
38480 2
38484 2
38499 4
38511 2
38523 3
38534 1
38558 2
38561 2
38564 2
38569 2
38575 3
38577 4
38581 2
38585 5
38589 3
38598 4
38609 2
38612 3
38614 2
38616 3
38629 6
38636 4
38639 2
38643 2
38649 5
38665 3
38672 4
38673 2
38681 2
38684 2
38691 4
38696 4
38697 2
38708 4
38712 2
38729 2
38734 2
38737 2
38747 2
38753 5
38757 3
38772 2
38774 2
38775 1
38790 1
38793 2
38807 5
38810 5
38816 2
38823 3
38824 2
38833 2
38841 2
38845 2
38859 1
38873 2
38882 1
38886 2
38898 4
38899 2
38924 3
38940 2
38944 2
38945 2
38955 2
38956 2
38966 2
38972 3
38974 4
38980 4
38989 2
38993 5
39003 2
39015 5
39017 2
39019 2
39021 2
39023 5
39060 3
39066 1
39072 2
39082 2
39085 5
39107 3
39118 2
39121 2
39124 3
39151 4
39170 4
39171 2
39175 3
39186 4
39190 3
39201 2
39208 3
39210 2
39219 2
39222 2
39242 2
39247 3
39252 2
39261 1
39262 2
39275 2
39281 1
39298 1
39300 2
39305 1
39308 2
39314 3
39323 2
39338 1
39353 1
39361 2
39367 2
39371 1
39372 1
39388 2
39390 2
39391 2
39400 2
39426 1
39444 1
39447 1
39448 1
39460 1
39474 2
39478 2
39502 2
39507 1
39509 1
39514 2
39520 1
39530 1
39537 1
39543 2
39553 2
39554 1
39560 3
39561 2
39564 2
39569 1
39570 2
39571 1
39576 2
39580 1
39597 1
39613 2
39616 1
39617 1
39633 1
39634 2
39646 1
39666 1
39672 1
39677 1
39678 1
39687 1
39691 1
39701 2
39707 2
39709 1
39719 1
39722 3
39724 2
39727 2
39731 2
39732 1
39737 1
39751 2
39752 2
39758 2
39761 1
39766 1
39792 2
39793 2
39794 1
39811 2
39831 1
39835 1
39838 2
39876 1
39882 2
39890 1
39893 2
39901 1
39909 1
39918 2
39919 2
39923 2
39935 2
39938 2
39954 1
39974 2
39978 1
40003 1
40011 2
40020 2
40034 1
40036 1
40046 1
40048 2
40054 1
40102 1
40104 2
40109 1
40111 1
40112 2
40121 2
40142 1
40143 2
40160 2
40161 1
40162 1
40163 1
40179 1
40181 2
40205 3
40223 2
40240 1
40247 1
40266 1
40274 2
40280 2
40281 1
40284 1
40289 2
40304 1
40308 1
40311 2
40313 1
40317 2
40319 2
40320 3
40323 2
40339 1
40345 1
40350 2
40357 1
40373 1
40374 2
40378 2
40380 2
40388 1
40404 2
40418 1
40424 2
40433 2
40436 2
40451 2
40472 2
40473 3
40478 1
40479 1
40486 1
40489 3
40497 2
40499 1
40504 1
40508 2
40517 2
40524 1
40532 2
40548 2
40554 1
40570 1
40571 1
40574 1
40576 2
40585 2
40593 1
40595 1
40599 3
40606 1
40612 1
40616 1
40618 1
40640 2
40644 1
40654 2
40662 1
40664 1
40665 2
40691 1
40695 2
40733 2
40762 2
40767 1
40783 2
40789 2
40792 1
40793 1
40801 1
40821 1
40822 2
40825 1
40840 1
40845 1
40855 1
40863 3
40871 2
40879 2
40883 2
40908 1
40913 1
40916 2
40919 2
40921 1
40936 2
40938 2
40948 1
40949 2
40955 2
40958 1
40963 1
40966 1
40968 2
40976 2
40991 1
40997 1
41023 2
41024 1
41027 1
41039 1
41050 2
41053 2
41064 1
41065 1
41074 1
41085 3
41088 2
41090 1
41091 2
41092 2
41097 2
41111 2
41117 1
41131 2
41133 2
41139 2
41151 2
41155 1
41165 1
41170 2
41187 1
41195 1
41198 2
41211 1
41224 1
41243 1
41251 2
41258 2
41264 2
41268 2
41271 1
41274 1
41275 2
41283 1
41307 2
41315 2
41325 2
41334 2
41338 2
41343 2
41347 1
41351 2
41352 2
41359 2
41376 2
41378 1
41379 1
41381 2
41388 1
41405 2
41414 2
41432 2
41435 1
41444 1
41450 2
41453 4
41513 1
41523 2
41545 2
41546 1
41552 2
41554 1
41564 1
41575 2
41594 1
41616 1
41617 1
41625 1
41630 1
41631 2
41648 2
41663 1
41674 2
41677 1
41733 1
41767 3
41792 1
41795 2
41804 2
41806 2
41809 1
41825 1
41834 1
41842 2
41844 2
41852 2
41854 1
41862 2
41865 1
41866 1
41875 2
41877 2
41913 2
41920 2
41937 1
41940 1
41941 2
41943 3
41950 1
41956 2
41965 1
41968 3
41978 2
41995 2
42021 1
42029 1
42033 1
42060 1
42075 2
42076 2
42082 1
42102 2
42105 1
42110 1
42113 3
42139 1
42144 1
42166 2
42171 2
42174 2
42175 1
42181 1
42182 2
42189 1
42203 2
42213 1
42215 3
42216 2
42218 1
42222 1
42226 1
42236 2
42240 1
42249 2
42252 1
42265 2
42271 1
42275 4
42282 1
42285 3
42291 2
42294 2
42299 2
42306 1
42328 2
42329 1
42330 1
42339 1
42345 2
42346 1
42349 1
42358 1
42368 2
42370 2
42373 2
42374 2
42376 2
42388 2
42394 1
42398 2
42404 2
42414 1
42422 2
42426 2
42442 1
42457 2
42482 2
42487 1
42523 1
42543 1
42544 2
42547 1
42551 2
42553 2
42555 1
42558 2
42563 3
42573 2
42582 1
42587 2
42599 2
42603 1
42612 2
42617 1
42621 1
42625 1
42657 2
42667 2
42674 2
42675 2
42684 1
42685 3
42687 1
42689 2
42692 2
42695 2
42703 1
42704 2
42710 1
42712 2
42725 2
42738 1
42743 1
42748 2
42753 2
42761 1
42769 1
42784 1
42801 1
42809 1
42823 2
42824 2
42830 1
42834 1
42852 2
42857 1
42861 2
42865 2
42870 2
42873 2
42892 2
42909 1
42915 3
42918 1
42934 2
42941 2
42952 2
42956 3
42958 1
42965 1
42975 3
42977 1
42984 1
42987 2
42988 2
43006 2
43012 1
43038 2
43042 2
43048 2
43054 1
43064 2
43066 1
43074 2
43085 1
43088 1
43109 1
43114 2
43116 1
43134 1
43138 1
43156 2
43172 2
43192 2
43196 2
43201 2
43203 2
43213 2
43222 1
43226 2
43232 1
43239 2
43247 2
43248 2
43249 1
43250 1
43270 2
43289 2
43320 2
43324 2
43329 1
43340 2
43341 1
43350 1
43362 2
43370 1
43376 1
43386 1
43394 1
43417 2
43450 1
43453 1
43459 1
43502 1
43509 1
43511 2
43524 2
43527 2
43528 1
43538 1
43554 2
43555 2
43556 1
43559 1
43568 2
43586 2
43604 1
43611 1
43612 2
43623 2
43624 2
43629 2
43635 2
43642 1
43651 1
43665 4
43671 1
43672 1
43693 1
43698 1
43702 2
43707 2
43721 3
43731 1
43736 2
43767 2
43785 2
43787 2
43790 2
43794 2
43803 2
43805 2
43808 3
43811 2
43822 2
43824 1
43826 2
43830 2
43853 1
43857 2
43872 2
43873 1
43902 2
43906 2
43915 2
43934 3
43943 2
43946 1
43947 2
43948 1
43951 2
43953 1
43956 3
43962 2
43965 1
43968 1
43969 2
43983 1
43996 1
44002 5
44009 1
44010 2
44014 2
44018 1
44026 2
44036 1
44042 3
44045 1
44061 2
44071 2
44087 1
44116 1
44121 1
44154 2
44161 2
44172 1
44181 2
44182 1
44198 2
44201 2
44203 2
44207 1
44211 2
44213 2
44225 2
44231 2
44234 1
44235 1
44236 2
44242 2
44248 2
44255 2
44264 2
44268 1
44294 2
44306 1
44307 1
44315 1
44317 2
44329 2
44358 2
44359 2
44386 2
44398 2
44409 3
44422 1
44427 1
44444 3
44449 2
44467 2
44470 2
44483 2
44486 2
44524 1
44539 1
44544 1
44547 2
44553 1
44557 1
44562 2
44563 2
44564 2
44585 2
44588 2
44596 1
44599 3
44602 1
44612 1
44622 2
44632 2
44641 2
44645 2
44672 1
44674 1
44708 2
44717 2
44742 2
44755 2
44764 2
44775 1
44785 2
44794 1
44796 1
44798 1
44803 2
44807 2
44819 2
44824 2
44827 2
44854 1
44864 2
44885 1
44886 2
44891 2
44901 1
44924 1
44943 2
44971 2
44987 2
44990 1
44993 1
44996 1
44997 1
45017 2
45024 1
45050 4
45053 2
45058 2
45074 2
45081 2
45092 2
45095 2
45103 1
45121 3
45131 1
45137 2
45138 1
45145 2
45160 2
45161 2
45171 2
45190 1
45195 1
45203 1
45210 2
45212 2
45226 1
45244 1
45267 2
45297 3
45299 1
45305 2
45309 1
45312 1
45323 2
45327 3
45345 1
45348 2
45359 2
45366 1
45377 2
45389 1
45391 1
45392 1
45412 1
45419 2
45431 2
45440 1
45444 1
45452 1
45454 1
45461 1
45472 2
45476 2
45483 1
45485 2
45502 1
45528 2
45530 1
45533 1
45553 2
45554 2
45571 1
45575 3
45584 2
45602 1
45613 2
45639 2
45654 2
45656 2
45659 2
45674 2
45675 2
45676 2
45709 2
45721 2
45724 3
45729 2
45743 3
45744 2
45759 1
45778 2
45780 3
45786 1
45797 3
45814 2
45829 2
45844 2
45847 2
45856 1
45859 1
45865 2
45876 2
45878 2
45883 1
45884 1
45889 1
45902 2
45904 4
45918 1
45922 2
45924 2
45925 2
45928 2
45951 2
45955 2
45956 1
45978 2
45982 1
45983 2
45995 2
46000 2
46002 1
46012 1
46031 2
46033 2
46045 2
46057 2
46062 1
46068 2
46072 2
46073 2
46077 1
46078 1
46100 1
46116 1
46143 1
46158 2
46161 1
46172 1
46174 1
46182 1
46193 2
46201 2
46206 2
46214 2
46219 1
46226 1
46230 2
46235 2
46241 3
46242 1
46247 1
46255 1
46309 2
46310 2
46327 1
46329 2
46331 2
46332 1
46334 2
46335 1
46341 2
46346 2
46353 1
46365 2
46381 1
46404 2
46416 1
46432 2
46443 2
46444 1
46457 1
46461 2
46469 1
46500 2
46506 2
46509 1
46519 1
46528 2
46539 2
46551 4
46555 2
46563 1
46564 2
46575 1
46585 1
46587 1
46602 2
46619 3
46651 2
46675 2
46680 2
46695 2
46702 2
46707 2
46711 2
46716 1
46718 2
46729 2
46730 2
46731 2
46740 2
46745 1
46747 1
46750 2
46761 2
46774 2
46776 2
46781 2
46787 2
46788 2
46809 2
46811 2
46819 2
46823 1
46830 2
46832 2
46840 1
46865 1
46891 2
46900 2
46901 2
46904 1
46910 1
46915 1
46928 2
46930 2
46939 2
46942 1
46951 2
46952 1
46977 3
46979 3
46982 3
46992 2
47002 1
47008 2
47024 1
47030 1
47059 2
47066 2
47070 2
47076 3
47082 2
47112 1
47120 1
47131 2
47137 2
47147 2
47148 2
47158 1
47160 2
47162 2
47163 2
47177 2
47180 1
47195 2
47199 2
47208 2
47211 2
47228 1
47244 2
47251 2
47257 1
47274 2
47276 3
47281 1
47282 2
47286 2
47305 2
47310 2
47313 2
47314 2
47325 1
47365 2
47367 2
47372 1
47394 2
47395 1
47400 2
47404 2
47408 2
47416 2
47419 2
47423 2
47426 2
47430 1
47440 2
47450 2
47452 2
47456 2
47457 2
47476 2
47477 2
47506 1
47525 2
47526 1
47533 2
47550 2
47559 1
47566 2
47572 1
47589 2
47593 2
47598 2
47606 1
47607 2
47619 2
47624 1
47630 1
47641 2
47645 2
47651 1
47670 2
47684 2
47696 2
47697 1
47698 1
47701 2
47712 1
47723 2
47724 3
47739 3
47741 2
47749 1
47753 2
47755 2
47758 2
47760 2
47761 2
47783 2
47807 2
47824 3
47826 1
47833 2
47841 2
47848 1
47857 2
47876 3
47889 1
47891 2
47903 2
47906 3
47918 2
47920 1
47924 1
47928 2
47933 2
47945 3
47949 2
47954 2
47955 2
47956 2
47979 1
47983 2
47985 2
47993 1
47996 1
48009 2
48012 1
48014 2
48026 2
48032 1
48037 3
48038 1
48039 1
48044 2
48059 2
48089 2
48097 3
48110 2
48116 2
48118 2
48126 3
48130 2
48146 2
48163 2
48170 2
48173 2
48177 2
48205 1
48212 1
48224 2
48245 2
48254 1
48260 1
48264 2
48280 1
48288 4
48306 2
48307 1
48308 1
48322 2
48323 1
48329 2
48365 1
48370 1
48377 3
48378 2
48382 2
48404 2
48411 2
48422 2
48424 2
48426 2
48441 1
48454 3
48469 2
48471 1
48475 2
48485 2
48491 1
48498 1
48510 2
48513 2
48527 2
48537 2
48552 2
48553 2
48556 2
48564 2
48572 2
48573 2
48576 1
48597 2
48600 2
48611 1
48612 2
48637 2
48642 2
48647 2
48655 5
48662 1
48680 2
48683 2
48687 2
48693 3
48698 2
48701 2
48720 2
48731 2
48733 2
48739 2
48747 2
48752 2
48756 2
48757 2
48768 2
48776 2
48777 2
48794 2
48801 3
48815 1
48816 2
48819 2
48820 1
48832 2
48851 1
48865 2
48872 2
48873 2
48876 1
48878 2
48880 2
48888 2
48894 2
48917 1
48925 2
48933 2
48934 2
48938 1
48955 2
48957 2
48960 2
48964 2
48978 2
48984 2
48985 2
49022 2
49034 1
49069 2
49072 1
49078 2
49081 1
49084 2
49085 4
49086 3
49096 2
49108 1
49125 2
49131 1
49145 2
49169 2
49178 1
49189 2
49212 2
49222 2
49233 3
49256 3
49287 1
49288 1
49297 2
49298 2
49302 3
49316 2
49320 3
49328 2
49329 3
49335 2
49346 1
49347 1
49381 2
49385 2
49387 2
49396 2
49398 2
49415 2
49416 2
49428 2
49453 2
49456 1
49464 1
49469 2
49482 2
49510 3
49524 2
49537 2
49567 2
49571 1
49575 2
49577 1
49579 2
49584 3
49597 1
49599 1
49604 2
49608 1
49609 1
49615 2
49634 2
49682 2
49684 2
49694 2
49700 2
49710 3
49714 2
49723 2
49734 2
49739 1
49740 2
49749 2
49793 1
49805 2
49818 2
49825 2
49834 2
49854 1
49856 2
49860 2
49863 3
49870 2
49871 1
49879 2
49880 1
49885 1
49899 2
49902 2
49903 1
49906 2
49909 1
49915 2
49919 2
49923 2
49956 2
49958 2
49959 1
49970 2
49981 2
49993 2
49994 2
50004 2
50010 2
50031 2
50050 2
50053 2
50075 1
50084 1
50109 2
50117 2
50123 1
50126 2
50127 1
50130 2
50133 3
50136 2
50146 1
50165 2
50169 1
50175 2
50181 1
50188 2
50201 4
50210 2
50268 2
50294 2
50295 2
50299 2
50311 1
50320 2
50324 2
50338 2
50364 1
50390 1
50394 2
50412 2
50425 2
50435 1
50444 2
50448 1
50449 1
50452 1
50463 2
50467 4
50479 2
50489 2
50496 2
50527 2
50532 2
50541 1
50549 1
50556 1
50574 2
50588 2
50596 2
50608 2
50631 2
50639 2
50640 2
50641 2
50647 2
50648 2
50655 3
50675 2
50681 2
50689 1
50697 2
50703 1
50711 2
50713 2
50737 2
50750 2
50753 2
50756 1
50780 2
50793 1
50795 2
50818 2
50827 1
50839 1
50849 1
50852 2
50855 3
50876 2
50882 1
50885 2
50892 1
50920 1
50928 2
50938 2
50944 2
50951 1
50971 2
50977 2
50990 1
50991 3
50992 2
50999 2
51011 1
51017 2
51023 2
51028 2
51038 1
51041 3
51053 1
51070 2
51083 1
51093 2
51094 2
51100 1
51111 4
51114 2
51140 2
51144 2
51179 1
51183 2
51186 1
51191 2
51207 2
51212 2
51244 1
51246 2
51258 1
51268 2
51293 2
51296 2
51301 2
51303 2
51308 2
51323 1
51331 2
51334 2
51339 1
51347 2
51373 2
51390 1
51392 1
51394 2
51395 2
51402 1
51410 2
51423 3
51426 1
51448 2
51490 2
51493 1
51505 1
51515 2
51522 1
51525 4
51545 2
51548 1
51551 1
51555 3
51559 2
51567 1
51572 1
51585 1
51601 2
51605 1
51622 1
51623 2
51630 1
51640 2
51641 3
51645 2
51651 2
51657 3
51673 1
51674 1
51684 2
51694 2
51696 2
51703 1
51710 2
51712 2
51726 1
51730 2
51738 2
51740 1
51745 2
51762 2
51766 2
51777 1
51783 2
51789 2
51790 1
51798 2
51800 4
51802 2
51804 1
51807 2
51826 2
51830 4
51841 1
51845 2
51846 2
51848 2
51852 1
51858 1
51871 2
51884 2
51894 2
51917 3
51979 2
51982 1
51986 1
51997 1
52000 2
52004 2
52009 2
52010 2
52029 2
52032 3
52034 2
52049 3
52052 3
52067 2
52077 1
52082 2
52086 3
52093 2
52098 2
52121 1
52122 2
52127 1
52143 2
52144 2
52147 2
52154 1
52178 1
52179 2
52186 1
52189 1
52206 2
52221 2
52227 2
52242 1
52248 2
52254 3
52255 2
52260 2
52262 2
52263 2
52276 1
52279 2
52295 2
52299 2
52327 2
52330 1
52331 2
52337 2
52338 2
52360 1
52372 2
52389 2
52391 1
52394 1
52408 1
52409 1
52410 3
52416 2
52427 2
52452 2
52460 2
52470 1
52473 2
52474 1
52518 2
52544 2
52545 2
52555 1
52565 2
52584 2
52586 2
52591 2
52596 2
52597 1
52605 1
52610 2
52615 2
52619 2
52620 2
52638 2
52650 2
52685 1
52693 2
52700 2
52708 2
52709 2
52716 3
52717 2
52722 2
52746 1
52756 2
52761 2
52762 2
52775 2
52799 1
52843 1
52851 1
52860 2
52863 3
52870 2
52889 2
52908 5
52911 2
52916 1
52942 2
52967 2
52971 1
52974 2
52975 1
52978 2
52985 2
53023 2
53028 2
53029 2
53059 2
53081 1
53087 1
53112 2
53114 1
53116 2
53123 3
53131 1
53138 2
53150 2
53155 3
53166 1
53175 2
53184 2
53194 1
53216 3
53229 2
53231 2
53248 1
53250 2
53255 1
53256 2
53269 2
53274 1
53275 1
53283 2
53295 1
53320 2
53338 1
53348 2
53359 2
53361 4
53379 2
53382 2
53396 2
53406 2
53419 1
53432 2
53448 2
53481 2
53483 2
53494 2
53502 1
53503 2
53507 1
53513 1
53540 2
53542 2
53554 2
53572 1
53580 2
53589 2
53593 2
53595 2
53597 2
53611 1
53623 2
53627 2
53643 2
53660 1
53684 2
53686 1
53690 2
53696 2
53701 2
53703 1
53717 3
53731 2
53732 3
53754 2
53759 2
53764 3
53780 2
53787 2
53793 1
53798 2
53804 2
53818 2
53834 1
53835 2
53847 1
53849 2
53869 2
53900 2
53909 2
53910 2
53918 3
53920 2
53922 2
53923 1
53944 1
53953 2
53962 2
54036 2
54046 2
54047 3
54048 3
54078 4
54097 2
54104 1
54106 2
54107 3
54122 1
54123 1
54142 1
54154 2
54161 1
54178 2
54180 2
54191 2
54203 2
54223 1
54226 2
54234 3
54248 3
54259 2
54260 2
54264 2
54268 2
54272 1
54273 1
54300 3
54301 2
54314 4
54345 1
54351 2
54355 2
54360 2
54361 2
54369 1
54379 1
54382 2
54383 2
54390 2
54429 1
54431 3
54440 2
54443 3
54445 2
54462 2
54464 2
54477 2
54483 3
54499 1
54512 2
54524 2
54525 1
54529 2
54544 1
54571 2
54573 2
54575 2
54595 1
54600 2
54602 2
54603 2
54623 3
54639 3
54649 2
54668 3
54669 2
54679 2
54689 1
54692 3
54697 2
54732 2
54737 2
54765 2
54766 1
54769 2
54779 2
54780 2
54800 2
54816 2
54835 3
54839 2
54853 2
54872 2
54884 2
54887 2
54889 1
54894 2
54899 2
54911 2
54918 3
54925 2
54958 3
54980 2
54993 2
55016 2
55023 2
55045 2
55099 2
55115 2
55123 2
55140 2
55150 2
55188 3
55200 1
55204 2
55217 4
55227 3
55229 2
55251 2
55262 2
55264 2
55272 2
55299 2
55319 2
55332 2
55347 2
55352 1
55357 2
55362 3
55365 2
55367 2
55370 4
55380 2
55409 2
55414 1
55416 1
55435 2
55450 2
55479 2
55481 2
55495 1
55509 2
55524 1
55534 3
55544 4
55545 3
55556 2
55562 2
55576 2
55590 3
55616 2
55636 2
55637 2
55648 2
55657 2
55660 2
55669 1
55672 1
55694 2
55705 2
55715 2
55716 2
55730 1
55745 2
55753 2
55780 1
55784 2
55787 4
55789 2
55790 2
55813 2
55814 2
55839 1
55841 1
55869 1
55872 2
55873 1
55876 2
55880 2
55895 2
55897 2
55899 2
55905 2
55907 1
55926 1
55951 2
55965 2
55989 2
55991 1
55995 2
56003 2
56005 1
56025 1
56033 2
56040 2
56045 2
56055 1
56071 2
56079 2
56093 2
56104 1
56106 2
56108 1
56111 2
56121 3
56127 1
56137 1
56160 2
56162 2
56204 2
56210 1
56212 2
56222 2
56240 2
56255 2
56271 2
56273 2
56274 2
56295 1
56299 2
56303 1
56312 3
56345 2
56352 2
56354 2
56359 2
56361 2
56375 4
56378 3
56380 1
56394 1
56395 1
56419 2
56431 1
56433 2
56446 2
56463 1
56465 1
56466 2
56468 1
56475 2
56479 1
56496 1
56501 2
56503 1
56521 2
56534 3
56535 2
56554 2
56568 2
56582 1
56584 2
56598 3
56607 2
56608 2
56613 2
56626 2
56631 2
56632 2
56633 2
56635 2
56637 2
56640 2
56647 2
56656 1
56668 2
56675 1
56683 2
56699 1
56708 2
56709 1
56710 1
56725 2
56739 4
56743 2
56744 2
56767 2
56768 2
56787 2
56793 1
56798 2
56804 1
56808 2
56824 2
56828 3
56832 1
56872 2
56874 2
56900 2
56914 1
56915 2
56935 1
56942 2
56948 2
56956 2
56957 2
56960 1
56971 1
56976 2
56981 1
56982 1
56987 2
56998 1
57000 3
57005 1
57006 1
57009 2
57013 2
57033 3
57064 1
57070 1
57077 2
57103 2
57122 2
57136 2
57154 2
57175 3
57179 1
57219 3
57220 2
57229 2
57234 4
57235 2
57239 1
57265 2
57266 2
57272 2
57276 2
57280 2
57286 2
57296 2
57324 2
57329 4
57349 1
57359 4
57364 1
57417 2
57430 2
57432 1
57438 2
57444 2
57447 2
57459 2
57461 1
57473 2
57488 1
57494 2
57504 4
57505 4
57515 2
57556 2
57564 2
57570 1
57573 2
57579 2
57588 2
57602 2
57609 2
57615 2
57627 3
57640 2
57653 1
57676 2
57684 2
57686 2
57690 2
57745 2
57763 2
57816 2
57826 4
57828 2
57861 2
57864 4
57885 2
57899 4
57903 1
57913 2
57915 2
57928 2
57933 2
57940 2
57965 2
57971 2
57981 2
57997 2
58002 2
58003 1
58010 1
58026 2
58028 3
58040 2
58048 3
58073 2
58086 2
58091 1
58098 2
58123 2
58124 1
58131 2
58132 1
58142 2
58156 4
58166 2
58168 4
58170 3
58178 2
58186 3
58188 2
58203 2
58241 2
58248 2
58252 2
58253 2
58264 2
58277 2
58281 2
58286 2
58292 2
58296 2
58300 2
58311 2
58324 2
58328 2
58347 2
58350 2
58351 2
58353 2
58373 2
58377 2
58395 2
58403 1
58410 2
58435 2
58437 2
58438 1
58439 3
58441 2
58466 2
58486 2
58490 1
58506 2
58507 2
58508 2
58533 2
58554 3
58560 1
58584 2
58588 2
58589 2
58603 2
58608 1
58637 2
58639 2
58652 1
58682 2
58686 2
58689 2
58697 1
58713 2
58716 2
58724 1
58730 4
58731 2
58771 2
58778 2
58813 2
58816 2
58819 4
58827 1
58843 2
58857 2
58874 3
58885 1
58889 1
58910 1
58915 2
58926 2
58932 2
58940 2
58946 2
58953 2
58960 2
58966 2
58977 4
58982 2
58997 1
59000 2
59004 4
59014 2
59026 2
59031 2
59046 1
59084 3
59101 2
59110 2
59112 1
59120 2
59124 1
59130 3
59162 2
59165 1
59183 2
59186 2
59198 1
59222 2
59239 2
59271 4
59277 2
59278 4
59286 2
59291 2
59321 4
59331 2
59337 2
59353 1
59354 2
59356 2
59391 1
59400 2
59414 2
59420 2
59431 2
59435 2
59451 2
59461 1
59472 1
59481 2
59485 2
59493 1
59497 2
59505 5
59533 2
59540 2
59543 2
59561 3
59592 2
59614 2
59622 1
59642 3
59652 3
59658 4
59672 3
59673 1
59682 3
59688 2
59694 2
59711 3
59712 2
59728 2
59730 1
59740 2
59747 2
59757 2
59773 2
59777 2
59793 2
59794 3
59804 2
59817 2
59821 2
59829 2
59834 2
59842 2
59843 2
59858 1
59909 2
59910 4
59918 2
59943 4
59945 4
59954 2
59992 3
60002 2
60028 3
60037 2
60050 2
60073 2
60091 2
60095 2
60100 1
60121 2
60129 3
60148 2
60156 2
60160 2
60168 1
60173 4
60177 1
60178 2
60204 2
60206 2
60215 2
60239 2
60250 2
60262 1
60263 2
60277 5
60280 1
60282 2
60283 2
60353 2
60362 2
60363 2
60402 3
60429 1
60431 2
60449 2
60453 2
60472 2
60496 2
60501 4
60505 3
60523 3
60524 1
60535 2
60537 3
60543 2
60557 3
60559 2
60575 2
60586 2
60592 2
60602 3
60604 2
60611 2
60616 2
60628 2
60631 3
60640 2
60646 1
60659 3
60662 3
60667 2
60682 2
60686 2
60703 2
60704 3
60714 2
60732 2
60740 4
60743 1
60744 1
60750 2
60773 2
60775 2
60832 2
60838 3
60842 2
60850 2
60855 2
60856 2
60861 1
60868 2
60875 2
60877 2
60892 2
60901 2
60923 1
60937 2
60951 2
60955 2
60956 4
60958 2
60967 2
60971 2
60985 5
60991 3
61027 5
61046 1
61056 2
61059 2
61085 2
61090 3
61101 2
61107 4
61108 2
61116 2
61154 2
61157 2
61172 2
61205 2
61212 3
61218 3
61222 4
61249 3
61252 2
61268 1
61285 2
61298 5
61308 2
61319 2
61323 2
61330 2
61331 2
61334 3
61351 2
61352 1
61353 2
61357 2
61362 1
61366 2
61368 5
61379 2
61383 2
61389 2
61438 2
61446 4
61457 4
61461 2
61462 2
61480 3
61482 2
61488 3
61510 2
61570 2
61571 2
61573 3
61579 2
61620 2
61670 2
61680 2
61688 3
61694 3
61704 3
61713 2
61716 2
61732 2
61750 4
61756 1
61759 2
61761 2
61791 2
61803 2
61816 1
61820 1
61826 2
61835 2
61836 2
61843 1
61866 2
61872 4
61874 2
61886 3
61909 2
61929 2
61942 2
61973 2
61984 3
61987 2
61989 2
61999 1
62040 2
62058 2
62059 2
62097 2
62098 2
62101 2
62116 2
62182 3
62184 1
62214 2
62240 2
62250 2
62253 3
62264 4
62280 1
62286 2
62303 2
62313 2
62353 3
62360 2
62374 2
62381 1
62383 1
62395 2
62402 2
62426 2
62459 2
62471 2
62480 2
62487 2
62518 2
62528 2
62538 5
62550 1
62559 2
62560 2
62564 4
62598 2
62600 2
62618 2
62622 2
62623 2
62639 2
62642 3
62654 1
62655 2
62658 1
62669 2
62675 2
62678 2
62686 2
62699 2
62700 4
62709 2
62715 2
62728 2
62764 2
62776 2
62797 1
62806 2
62809 2
62816 1
62823 2
62832 2
62851 2
62859 1
62864 2
62876 3
62881 2
62883 2
62896 2
62900 2
62921 2
62924 2
62936 2
62949 1
62954 2
62959 2
62982 2
62987 1
62994 2
63002 2
63008 1
63020 2
63024 3
63025 2
63041 1
63043 2
63046 2
63061 1
63069 2
63074 2
63130 3
63132 3
63142 2
63146 2
63147 2
63151 2
63153 2
63176 2
63179 2
63210 2
63234 2
63246 2
63253 1
63283 2
63305 1
63309 2
63310 2
63315 2
63324 1
63327 2
63328 2
63353 2
63354 2
63383 1
63385 2
63394 2
63410 2
63414 2
63416 2
63436 2
63441 2
63455 2
63469 2
63473 1
63488 4
63504 2
63518 2
63520 1
63525 3
63528 2
63536 2
63559 2
63570 1
63571 3
63591 2
63595 2
63610 4
63618 2
63621 2
63630 2
63633 2
63640 3
63663 4
63672 2
63680 1
63706 2
63730 2
63743 3
63746 2
63748 2
63753 2
63774 2
63787 3
63804 2
63812 2
63819 1
63821 3
63823 4
63831 2
63836 2
63839 2
63844 3
63848 2
63859 2
63860 2
63884 2
63887 3
63900 3
63902 2
63921 2
63925 2
63948 1
63980 2
63981 2
63999 2
64000 3
64004 2
64008 3
64018 2
64022 3
64023 2
64064 1
64074 4
64081 2
64087 4
64089 2
64090 2
64099 4
64120 2
64121 2
64122 3
64126 2
64139 2
64146 2
64174 2
64175 2
64179 1
64181 2
64182 1
64188 2
64189 2
64196 4
64200 2
64207 2
64240 3
64255 2
64264 1
64282 2
64305 3
64318 2
64322 2
64328 2
64375 2
64376 2
64380 2
64385 1
64388 2
64407 2
64410 3
64416 5
64430 2
64439 2
64446 3
64448 2
64460 2
64492 2
64493 3
64503 2
64507 1
64512 2
64517 2
64521 2
64522 2
64543 3
64550 2
64554 1
64576 2
64580 2
64600 2
64609 3
64616 2
64621 5
64634 1
64640 3
64647 2
64669 1
64676 2
64681 4
64691 2
64693 3
64738 2
64740 2
64752 2
64756 1
64767 2
64771 2
64780 2
64807 2
64808 2
64811 4
64818 2
64824 2
64825 2
64828 2
64831 2
64851 2
64868 2
64870 2
64874 2
64882 2
64886 2
64893 3
64898 2
64906 3
64953 4
64963 2
64965 2
64966 2
64976 1
64986 2
64990 2
65026 4
65032 3
65041 2
65043 2
65053 3
65057 3
65071 2
65075 2
65081 5
65083 1
65084 4
65094 1
65095 2
65112 2
65114 2
65127 2
65136 2
65149 2
65150 4
65184 1
65194 1
65201 2
65203 2
65208 2
65215 2
65224 2
65236 2
65238 2
65240 2
65246 3
65256 2
65263 2
65271 2
65294 2
65303 2
65304 3
65324 3
65334 2
65339 2
65344 4
65350 3
65359 2
65367 1
65372 2
65374 3
65403 2
65405 2
65445 4
65446 4
65472 3
65476 2
65479 2
65487 3
65501 3
65511 2
65513 3
65515 1
65520 2
65521 2
65527 2
65531 2
65537 2
65544 2
65554 3
65576 2
65603 1
65623 2
65637 1
65650 2
65660 2
65668 2
65669 2
65694 2
65712 3
65736 2
65750 3
65771 2
65780 3
65795 2
65814 4
65822 2
65834 2
65835 1
65860 2
65865 2
65872 2
65873 2
65874 2
65878 1
65884 2
65893 2
65918 2
65922 3
65944 2
65954 2
65966 2
65977 2
65986 2
65999 2
66010 4
66031 2
66033 2
66038 2
66048 2
66063 1
66064 2
66085 2
66086 4
66090 3
66100 3
66104 2
66112 2
66124 2
66128 4
66134 2
66154 2
66170 2
66172 2
66183 2
66197 1
66208 2
66217 2
66228 2
66229 3
66242 2
66253 2
66262 4
66265 2
66274 2
66301 1
66307 2
66326 4
66329 1
66336 5
66349 3
66357 2
66366 4
66389 3
66398 3
66413 2
66419 2
66424 2
66443 2
66452 3
66468 2
66483 2
66491 3
66503 2
66506 3
66508 2
66516 3
66521 2
66525 2
66526 2
66535 2
66546 2
66547 3
66554 2
66561 2
66582 2
66584 2
66595 4
66597 1
66614 2
66617 2
66621 4
66622 3
66623 4
66625 2
66636 2
66638 2
66654 2
66667 2
66674 4
66683 4
66688 4
66699 2
66713 3
66720 2
66727 5
66729 2
66769 2
66776 2
66782 1
66783 2
66807 3
66825 2
66826 3
66853 2
66860 2
66883 2
66888 2
66890 4
66908 3
66929 2
66955 2
66974 3
66975 4
66983 4
66984 2
66988 5
66996 2
66997 2
67038 2
67049 2
67062 2
67066 2
67067 2
67070 3
67073 5
67076 3
67083 1
67085 2
67111 2
67114 3
67127 2
67133 2
67144 2
67166 3
67167 2
67168 3
67177 2
67183 2
67187 2
67209 2
67212 4
67218 2
67222 2
67238 2
67249 2
67250 2
67267 2
67282 2
67284 2
67292 3
67295 1
67300 2
67309 3
67316 2
67318 1
67319 4
67329 2
67341 2
67381 2
67389 2
67393 3
67394 2
67397 2
67398 4
67399 2
67401 2
67422 2
67430 3
67433 4
67435 2
67436 2
67442 2
67464 2
67488 5
67507 2
67508 2
67510 2
67527 1
67543 3
67565 4
67574 2
67583 2
67619 2
67621 2
67632 4
67635 2
67650 2
67653 3
67667 2
67686 2
67693 3
67700 2
67709 2
67725 3
67733 2
67735 1
67744 2
67755 4
67761 2
67764 2
67775 2
67777 2
67806 1
67810 2
67828 2
67833 2
67844 2
67856 2
67865 2
67870 2
67871 2
67877 2
67881 5
67891 2
67905 4
67914 3
67919 2
67953 2
67960 2
67965 3
67970 2
67974 4
67977 2
67996 2
68008 2
68011 3
68014 2
68018 2
68042 5
68043 2
68044 2
68095 2
68096 1
68103 3
68116 2
68125 2
68141 1
68144 2
68156 2
68157 4
68166 5
68167 3
68175 4
68176 4
68191 3
68202 2
68204 3
68205 2
68207 2
68222 4
68223 2
68225 2
68228 5
68235 2
68253 4
68261 2
68285 2
68301 2
68311 2
68329 2
68330 4
68339 2
68361 3
68382 2
68385 2
68401 1
68410 3
68423 2
68432 2
68438 2
68454 2
68463 2
68476 2
68482 2
68489 2
68530 4
68532 2
68549 2
68550 1
68551 2
68562 3
68566 2
68570 3
68580 4
68583 3
68590 2
68592 4
68597 2
68599 2
68615 4
68631 2
68642 4
68651 4
68659 2
68679 2
68697 2
68700 4
68713 2
68720 2
68731 4
68736 2
68742 2
68747 4
68749 2
68754 2
68755 2
68756 3
68763 2
68770 2
68783 1
68808 2
68816 4
68823 2
68825 3
68832 1
68833 1
68834 1
68835 4
68848 2
68876 3
68887 2
68893 2
68896 4
68898 4
68912 4
68913 2
68920 4
68934 2
68956 2
68967 2
68982 2
68989 2
68995 2
69004 2
69008 2
69020 2
69027 2
69044 3
69060 2
69067 2
69068 2
69090 2
69091 4
69099 2
69138 2
69141 2
69142 2
69159 4
69180 3
69186 2
69200 2
69205 2
69251 2
69266 4
69274 2
69282 2
69301 3
69302 4
69307 2
69312 4
69314 1
69334 4
69335 2
69338 3
69341 3
69348 2
69366 1
69379 2
69380 2
69385 4
69396 2
69397 2
69429 3
69434 2
69436 3
69453 2
69458 2
69479 2
69481 4
69510 2
69515 2
69527 2
69539 2
69541 5
69565 4
69570 2
69577 3
69589 2
69590 2
69598 2
69604 1
69622 2
69624 3
69626 2
69628 4
69644 1
69645 2
69658 2
69670 2
69688 3
69702 5
69710 3
69713 3
69722 2
69726 1
69735 2
69741 3
69755 2
69764 4
69785 2
69798 2
69808 2
69813 2
69814 2
69821 3
69822 2
69829 2
69831 2
69837 3
69849 2
69854 2
69857 4
69877 2
69885 2
69890 1
69891 2
69898 2
69903 2
69911 5
69913 2
69920 2
69943 3
69947 2
69948 2
69951 2
69963 2
69964 2
69973 2
69977 2
69978 1
69983 2
69990 2
70024 4
70028 2
70030 2
70051 2
70058 2
70061 2
70064 5
70066 2
70079 4
70082 2
70085 2
70088 2
70100 2
70101 3
70118 2
70126 2
70142 2
70145 2
70156 2
70163 2
70165 4
70172 1
70186 2
70197 2
70201 2
70203 2
70210 1
70222 2
70230 2
70235 2
70243 2
70244 2
70246 2
70268 3
70275 4
70278 3
70285 4
70291 2
70294 1
70296 3
70306 4
70321 2
70334 5
70337 2
70350 2
70357 4
70359 5
70360 2
70373 2
70382 3
70394 3
70399 2
70438 1
70442 2
70443 2
70446 2
70454 2
70455 4
70460 3
70474 2
70490 3
70500 3
70502 5
70503 4
70507 2
70511 2
70520 2
70544 4
70545 2
70549 1
70557 2
70562 4
70563 2
70572 2
70576 2
70577 2
70588 3
70591 1
70593 2
70597 2
70601 2
70604 4
70606 2
70620 3
70633 2
70666 2
70682 2
70717 2
70727 2
70738 2
70741 2
70743 2
70752 4
70753 2
70770 2
70786 2
70819 4
70828 2
70831 2
70834 4
70843 2
70844 5
70851 2
70898 2
70908 2
70927 3
70962 3
70992 5
70994 5
70995 2
71018 3
71020 2
71023 2
71028 1
71034 4
71035 4
71042 2
71086 2
71090 2
71094 3
71103 2
71113 2
71125 2
71131 2
71139 5
71145 2
71158 1
71160 2
71169 4
71172 2
71175 2
71178 2
71185 4
71193 1
71207 2
71209 2
71228 1
71236 2
71238 2
71253 2
71259 2
71272 3
71274 3
71280 4
71281 2
71295 2
71303 1
71323 2
71326 2
71343 4
71351 2
71361 5
71400 3
71401 2
71410 4
71419 4
71426 4
71427 2
71432 2
71434 2
71437 3
71456 2
71467 3
71469 2
71476 4
71490 2
71495 3
71508 2
71512 2
71523 2
71534 2
71566 2
71574 2
71577 2
71580 2
71588 2
71590 3
71594 4
71603 4
71611 3
71639 2
71641 2
71657 2
71687 2
71696 4
71697 4
71701 2
71719 2
71721 2
71727 4
71738 2
71748 3
71765 4
71772 2
71792 2
71807 2
71819 2
71829 2
71839 2
71848 2
71882 2
71887 3
71903 2
71906 2
71915 2
71917 3
71919 3
71930 3
71964 4
71974 2
71981 2
71986 2
72003 2
72021 4
72024 2
72033 1
72038 4
72039 2
72040 2
72056 1
72059 2
72061 4
72093 3
72101 3
72102 4
72111 4
72113 4
72134 2
72136 4
72144 4
72149 4
72155 3
72157 2
72158 2
72160 3
72163 2
72167 2
72172 2
72200 5
72213 3
72236 3
72245 3
72247 3
72253 1
72255 1
72256 2
72258 2
72260 2
72268 2
72286 4
72287 4
72297 2
72305 2
72318 3
72336 4
72341 2
72365 2
72372 2
72387 2
72388 2
72391 4
72392 2
72394 3
72400 2
72403 2
72411 2
72414 5
72424 2
72432 2
72444 2
72459 2
72462 3
72469 2
72470 4
72482 1
72485 4
72492 2
72500 2
72501 2
72504 2
72513 5
72515 2
72518 3
72519 4
72520 2
72521 2
72526 1
72534 4
72538 2
72545 5
72561 2
72593 5
72599 2
72600 2
72615 2
72617 3
72629 3
72643 2
72668 2
72690 2
72697 4
72726 4
72729 2
72734 2
72757 2
72760 3
72768 2
72770 2
72777 3
72791 3
72794 2
72800 2
72810 2
72819 2
72821 2
72827 2
72833 4
72835 2
72836 2
72859 4
72862 2
72866 2
72876 2
72881 3
72882 4
72884 4
72891 2
72934 2
72947 2
72950 2
72952 2
72953 2
72954 2
72958 2
72971 2
72974 3
72984 2
72988 2
72989 3
72992 2
72997 2
73005 2
73011 4
73015 2
73016 4
73019 1
73034 4
73040 2
73050 2
73064 2
73077 2
73089 3
73096 2
73103 2
73108 2
73113 4
73121 1
73128 4
73130 2
73132 4
73135 2
73137 2
73144 4
73150 4
73157 2
73165 2
73179 2
73190 4
73196 2
73205 4
73221 2
73226 2
73239 2
73245 2
73253 2
73257 2
73267 2
73280 3
73282 2
73285 2
73294 3
73298 2
73305 2
73314 2
73318 2
73320 2
73344 4
73362 3
73367 1
73381 4
73383 2
73385 2
73411 2
73413 2
73416 4
73419 2
73425 4
73426 2
73427 3
73431 3
73432 3
73437 2
73453 2
73454 3
73455 2
73458 2
73472 2
73481 2
73486 3
73487 4
73502 2
73504 2
73519 2
73536 2
73541 2
73554 1
73570 2
73594 2
73610 1
73619 2
73623 4
73624 2
73646 2
73648 2
73653 3
73662 2
73666 3
73669 4
73681 2
73689 4
73690 2
73692 2
73701 4
73714 4
73717 2
73722 2
73727 3
73729 2
73733 4
73740 4
73746 2
73770 2
73789 4
73799 2
73804 2
73807 4
73833 3
73837 2
73852 1
73898 3
73905 3
73906 2
73931 2
73948 1
73954 2
73966 2
73973 3
73974 3
73981 2
74001 2
74004 2
74015 2
74041 2
74055 2
74067 1
74083 2
74086 1
74088 2
74122 2
74125 2
74133 2
74158 4
74165 3
74170 4
74186 2
74199 5
74204 2
74222 2
74247 2
74277 2
74312 4
74313 5
74319 4
74333 2
74334 2
74344 2
74347 3
74350 2
74357 3
74368 4
74372 1
74380 2
74382 3
74383 3
74391 4
74396 3
74401 2
74402 2
74405 2
74416 4
74417 2
74421 2
74429 2
74432 2
74435 5
74437 2
74446 2
74475 2
74477 3
74481 2
74482 5
74485 4
74488 2
74495 4
74502 2
74515 4
74525 2
74528 2
74532 2
74540 4
74572 4
74579 2
74586 2
74592 3
74593 4
74596 2
74597 4
74600 4
74601 4
74608 2
74609 2
74610 2
74633 4
74642 4
74643 3
74646 2
74650 2
74651 2
74653 1
74661 2
74665 2
74667 3
74673 4
74685 2
74700 2
74704 3
74711 2
74715 3
74722 2
74739 2
74750 2
74756 4
74783 4
74793 2
74794 1
74833 2
74844 1
74849 2
74858 2
74860 3
74864 2
74867 4
74868 2
74874 2
74884 4
74885 3
74887 2
74890 5
74905 2
74918 2
74943 2
74944 5
74946 3
74949 2
74951 4
74952 2
74953 4
74970 2
74971 5
74976 2
74987 3
74994 2
75005 2
75017 2
75019 2
75027 2
75047 4
75048 2
75061 2
75073 2
75087 4
75101 5
75107 2
75135 4
75144 2
75184 4
75192 4
75195 2
75199 5
75202 3
75206 4
75212 4
75220 2
75244 2
75254 2
75280 1
75283 2
75295 3
75318 2
75324 2
75327 2
75349 3
75350 3
75352 4
75353 2
75372 2
75376 3
75383 2
75384 4
75392 2
75402 2
75406 3
75408 5
75415 2
75431 4
75438 2
75471 2
75483 4
75484 2
75489 4
75494 5
75500 3
75515 4
75517 5
75519 2
75528 2
75531 4
75533 2
75534 3
75536 2
75540 2
75547 1
75558 4
75562 2
75575 4
75591 5
75598 2
75601 2
75617 2
75645 4
75647 3
75673 2
75702 3
75718 4
75719 3
75731 2
75760 2
75767 5
75800 2
75801 2
75832 2
75833 1
75844 2
75850 2
75860 3
75907 2
75912 3
75913 4
75944 2
75951 2
75957 2
75969 4
75978 2
75979 2
75983 3
75993 2
75998 2
76002 3
76003 2
76008 3
76017 2
76027 4
76035 2
76039 3
76042 4
76045 4
76069 2
76073 4
76083 2
76088 2
76091 3
76092 2
76093 4
76100 3
76106 1
76116 3
76129 3
76133 1
76139 3
76152 2
76153 4
76164 2
76166 3
76172 2
76177 2
76201 3
76218 4
76222 4
76223 2
76226 3
76255 3
76259 3
76264 2
76267 3
76269 4
76276 4
76279 5
76283 5
76295 2
76331 4
76332 1
76333 2
76341 2
76345 4
76355 3
76388 4
76395 2
76402 2
76416 6
76419 2
76421 2
76425 4
76440 5
76456 2
76467 3
76468 4
76472 2
76493 2
76495 5
76498 4
76502 2
76506 4
76530 2
76576 2
76583 2
76591 5
76595 3
76604 2
76610 1
76613 2
76617 2
76623 4
76633 3
76635 5
76639 2
76640 2
76646 2
76652 3
76667 4
76674 3
76683 2
76686 4
76688 2
76704 2
76720 3
76726 3
76729 3
76730 2
76731 2
76735 2
76746 2
76757 3
76764 3
76766 4
76771 2
76772 1
76773 2
76774 2
76780 1
76788 3
76801 2
76810 3
76834 2
76836 3
76847 2
76849 2
76850 2
76864 2
76901 2
76925 3
76926 4
76930 5
76931 4
76944 2
76946 3
76949 4
76955 2
76962 2
76965 4
76969 3
76982 2
76984 3
76996 4
76998 2
77012 4
77015 2
77022 2
77030 4
77034 4
77037 2
77038 2
77040 3
77051 4
77052 5
77063 4
77083 2
77084 2
77093 2
77096 4
77103 3
77104 2
77114 2
77119 2
77123 2
77126 2
77131 1
77133 3
77152 5
77156 4
77159 3
77165 2
77166 2
77170 1
77185 2
77192 2
77195 3
77197 2
77201 2
77214 2
77216 4
77221 3
77228 2
77249 2
77267 4
77279 2
77284 2
77289 3
77291 3
77293 4
77294 2
77295 2
77314 2
77324 2
77339 2
77347 3
77351 2
77353 2
77356 5
77359 2
77362 4
77371 2
77375 3
77377 2
77398 4
77409 3
77418 4
77419 2
77420 1
77429 1
77455 2
77457 4
77462 4
77470 2
77487 4
77490 4
77529 5
77530 3
77531 2
77533 4
77534 4
77551 3
77555 2
77567 3
77568 4
77577 2
77578 2
77587 1
77593 1
77609 2
77619 1
77622 1
77630 2
77636 1
77637 1
77680 2
77687 1
77689 1
77691 1
77694 1
77696 1
77710 1
77711 1
77715 1
77728 1
77732 1
77744 2
77764 1
77798 2
77801 1
77812 1
77814 1
77849 1
77861 1
77866 1
77867 1
77868 2
77881 2
77902 2
77911 2
77914 2
77918 2
77919 1
77931 2
77933 2
77949 2
77963 1
77980 2
77984 2
77992 2
78023 1
78048 2
78055 2
78056 1
78059 2
78073 1
78074 1
78076 1
78078 1
78082 1
78084 2
78087 1
78088 2
78091 2
78096 1
78107 1
78122 1
78123 1
78134 2
78141 2
78147 1
78150 1
78153 1
78155 2
78160 2
78179 1
78184 2
78189 1
78194 1
78200 1
78201 1
78214 2
78232 1
78234 2
78235 2
78236 1
78240 1
78249 1
78250 1
78253 1
78265 2
78267 1
78292 1
78299 2
78311 2
78313 2
78314 1
78320 1
78322 2
78351 1
78374 1
78385 1
78386 2
78391 2
78402 1
78417 2
78421 2
78430 2
78446 1
78453 2
78465 1
78471 1
78488 2
78523 2
78527 1
78545 2
78547 1
78549 2
78554 2
78555 2
78562 1
78572 1
78575 2
78578 1
78587 1
78597 1
78602 2
78610 1
78612 2
78621 1
78623 1
78631 2
78648 2
78649 2
78657 1
78691 2
78705 1
78708 1
78714 1
78723 1
78725 2
78733 1
78734 2
78746 1
78757 1
78760 2
78767 2
78788 1
78792 1
78800 1
78801 1
78807 2
78814 1
78820 2
78829 1
78843 2
78851 2
78852 1
78853 2
78856 2
78861 1
78866 2
78883 1
78887 1
78889 2
78890 2
78918 1
78925 1
78929 1
78937 2
78938 1
78943 1
78950 2
78953 1
78971 1
78974 2
78983 1
78990 1
78994 2
78999 1
79005 1
79007 3
79011 1
79070 1
79072 1
79090 1
79095 2
79098 1
79116 2
79120 1
79127 1
79134 2
79135 2
79148 1
79156 2
79158 2
79162 1
79168 2
79173 1
79181 1
79193 2
79197 2
79201 1
79203 2
79211 2
79216 2
79234 1
79258 1
79265 2
79270 1
79278 1
79281 2
79297 1
79304 1
79306 2
79312 2
79313 1
79315 2
79325 1
79328 2
79332 1
79333 1
79349 2
79354 2
79357 2
79361 1
79363 2
79366 1
79376 1
79391 1
79397 1
79404 2
79407 2
79412 2
79416 2
79460 1
79474 1
79483 1
79495 2
79497 2
79502 1
79518 1
79520 1
79528 2
79530 2
79547 1
79555 1
79557 2
79564 1
79569 3
79571 2
79580 2
79587 2
79591 1
79592 1
79608 2
79612 1
79622 1
79624 1
79625 2
79628 1
79644 2
79648 2
79654 1
79656 1
79680 1
79681 2
79689 1
79706 2
79723 2
79724 1
79725 2
79726 1
79743 1
79744 2
79750 2
79752 2
79753 2
79757 2
79762 1
79778 1
79798 2
79799 2
79801 1
79806 2
79809 1
79826 1
79838 2
79843 1
79863 2
79866 2
79879 2
79881 2
79898 1
79905 1
79910 1
79928 1
79930 1
79948 1
79949 1
79950 2
79963 1
79964 1
79980 1
79983 1
79990 2
79997 1
80002 1
80010 2
80015 1
80023 2
80040 1
80041 1
80059 1
80064 1
80065 1
80067 1
80069 2
80071 1
80072 1
80080 1
80081 1
80083 2
80085 1
80086 1
80093 2
80101 2
80113 1
80144 3
80147 1
80152 2
80157 2
80167 1
80180 2
80181 2
80189 2
80194 2
80199 1
80210 2
80212 1
80214 1
80216 2
80226 2
80233 2
80235 1
80243 1
80244 1
80248 1
80253 2
80271 2
80272 2
80298 1
80308 1
80309 2
80332 1
80342 1
80351 2
80353 1
80356 1
80373 2
80378 1
80396 2
80408 1
80418 2
80425 2
80430 1
80439 2
80459 2
80479 1
80481 2
80509 4
80516 1
80536 2
80545 1
80550 1
80551 3
80553 1
80561 2
80572 1
80575 1
80589 2
80590 2
80601 2
80607 1
80608 1
80621 2
80627 2
80633 2
80638 2
80649 2
80659 1
80684 2
80685 2
80705 1
80712 1
80721 2
80726 1
80728 1
80732 2
80739 1
80741 1
80753 1
80759 2
80763 1
80764 2
80783 1
80793 2
80796 1
80802 2
80804 2
80824 1
80827 1
80830 1
80834 2
80850 1
80866 1
80885 1
80908 1
80933 2
80935 2
80937 1
80940 2
80945 2
80948 2
80960 2
80961 1
80965 2
80972 1
80989 2
80997 1
81012 1
81013 1
81017 2
81030 2
81032 1
81049 1
81071 2
81091 2
81093 1
81118 2
81119 2
81158 1
81171 2
81190 2
81205 2
81208 1
81213 1
81232 1
81251 1
81263 2
81278 2
81285 1
81290 1
81291 2
81293 1
81298 2
81334 1
81337 1
81354 1
81363 1
81374 1
81380 1
81382 1
81384 2
81402 1
81407 1
81409 1
81413 1
81414 2
81429 2
81430 2
81432 1
81437 1
81462 1
81463 2
81470 1
81474 1
81476 2
81482 1
81505 1
81514 2
81520 1
81525 1
81547 1
81552 2
81558 1
81564 2
81576 1
81579 1
81584 1
81587 2
81591 1
81596 1
81598 2
81599 4
81600 1
81605 1
81606 1
81610 1
81620 1
81653 1
81656 2
81658 1
81688 1
81697 2
81699 2
81711 1
81736 2
81742 2
81764 1
81781 1
81799 1
81806 2
81807 1
81817 3
81820 1
81824 2
81825 1
81826 2
81830 1
81858 2
81860 1
81863 1
81868 1
81873 2
81875 1
81895 1
81899 1
81903 2
81909 1
81927 1
81936 1
81941 2
81948 2
81950 2
81951 2
81954 1
81956 2
81961 2
81966 2
81972 2
81990 2
81993 1
81998 1
82004 1
82020 2
82023 2
82025 2
82032 2
82035 2
82045 1
82049 2
82050 2
82055 2
82089 2
82090 2
82123 2
82127 2
82128 1
82140 2
82142 2
82161 1
82171 2
82172 2
82184 1
82193 2
82201 2
82209 2
82210 2
82252 1
82253 1
82258 1
82261 1
82268 2
82272 3
82291 2
82301 1
82311 1
82314 1
82317 1
82339 1
82345 1
82353 2
82355 1
82371 2
82375 2
82376 1
82388 2
82390 1
82392 2
82393 1
82396 3
82426 1
82427 2
82448 1
82451 2
82456 1
82463 2
82479 2
82480 2
82481 2
82484 2
82491 2
82502 1
82503 1
82523 1
82530 2
82533 1
82548 2
82569 1
82572 1
82574 1
82576 2
82578 2
82583 1
82590 2
82594 2
82607 1
82625 2
82633 1
82654 2
82655 2
82662 2
82676 1
82712 1
82719 2
82726 2
82736 2
82750 2
82752 1
82759 2
82770 1
82788 2
82809 2
82825 2
82828 2
82848 1
82854 1
82858 1
82859 2
82863 2
82875 1
82876 1
82879 2
82894 1
82915 2
82928 1
82930 1
82933 2
82937 1
82950 2
82954 2
82974 1
82975 2
82978 2
83022 1
83026 1
83027 2
83047 2
83056 1
83057 1
83080 2
83083 1
83099 1
83102 2
83107 1
83121 2
83122 1
83136 1
83141 2
83150 1
83152 2
83161 1
83162 2
83173 1
83178 2
83192 2
83197 1
83200 1
83203 2
83210 2
83230 1
83231 2
83252 1
83253 2
83262 1
83276 2
83298 1
83311 2
83319 2
83363 2
83368 2
83372 2
83379 1
83410 2
83415 1
83419 1
83423 1
83427 2
83432 1
83435 2
83437 2
83440 1
83442 1
83444 2
83450 1
83463 2
83464 1
83466 2
83467 2
83473 2
83476 2
83504 2
83505 1
83513 2
83524 2
83529 2
83530 2
83536 2
83558 1
83559 1
83561 2
83576 1
83578 2
83589 1
83602 1
83606 1
83617 1
83630 2
83632 2
83642 1
83644 1
83650 2
83655 2
83660 2
83661 1
83678 2
83687 2
83698 2
83720 1
83747 1
83749 1
83761 1
83773 2
83774 1
83778 1
83781 3
83788 2
83803 1
83809 2
83829 2
83842 2
83844 1
83845 3
83853 1
83859 2
83860 3
83862 2
83865 2
83874 2
83883 1
83892 2
83896 1
83905 1
83908 1
83910 4
83918 2
83943 2
83951 2
83963 1
83966 1
83968 1
83984 1
83988 1
83993 1
83996 1
84003 1
84021 1
84033 2
84035 2
84046 1
84048 2
84064 2
84069 2
84073 2
84083 2
84089 2
84100 2
84102 2
84127 2
84135 2
84142 2
84143 2
84166 2
84180 2
84187 2
84203 2
84211 1
84217 1
84221 2
84224 2
84225 1
84249 1
84250 2
84285 2
84325 2
84331 1
84334 1
84343 1
84349 1
84357 1
84362 1
84382 1
84392 2
84394 2
84399 2
84409 2
84418 1
84429 2
84430 1
84433 1
84440 1
84452 1
84453 2
84466 1
84470 1
84479 2
84481 2
84484 2
84490 1
84500 2
84530 2
84539 1
84540 2
84544 1
84548 1
84551 2
84593 1
84594 2
84599 1
84601 2
84604 1
84605 1
84608 2
84610 2
84612 1
84615 2
84618 2
84651 1
84655 2
84658 1
84663 1
84673 1
84685 2
84688 2
84694 2
84705 1
84706 1
84708 1
84710 1
84714 1
84721 1
84724 1
84726 1
84728 1
84745 2
84763 2
84767 2
84772 1
84794 2
84807 1
84808 1
84812 1
84814 3
84817 2
84825 2
84826 1
84838 2
84841 2
84845 2
84846 2
84852 1
84863 1
84871 1
84879 2
84885 1
84891 2
84895 2
84897 1
84900 1
84912 2
84917 1
84936 1
84937 2
84943 2
84956 1
84959 2
84973 1
84988 2
84993 2
85006 1
85009 1
85010 2
85029 2
85047 1
85063 2
85070 2
85071 2
85083 1
85088 1
85093 2
85099 2
85107 1
85112 1
85125 2
85139 1
85141 2
85150 1
85162 1
85166 1
85168 1
85174 1
85178 1
85182 1
85186 2
85190 2
85194 1
85198 2
85206 1
85211 1
85221 2
85237 2
85259 2
85271 2
85272 1
85282 1
85290 1
85302 1
85303 2
85314 1
85319 2
85332 2
85333 1
85334 2
85338 2
85343 1
85374 1
85393 1
85396 1
85399 1
85404 2
85415 3
85419 2
85420 2
85421 2
85423 2
85427 3
85432 2
85434 2
85457 3
85482 2
85489 1
85500 2
85501 1
85532 1
85545 2
85558 2
85568 2
85571 1
85583 1
85587 1
85597 2
85605 2
85611 1
85628 1
85631 2
85638 2
85662 2
85684 2
85688 2
85717 1
85731 2
85735 2
85759 2
85783 1
85789 1
85790 1
85792 2
85793 2
85799 2
85812 1
85820 1
85824 2
85832 1
85836 1
85846 2
85850 2
85858 1
85860 1
85865 2
85867 1
85873 1
85875 1
85883 2
85884 2
85888 3
85894 2
85918 1
85919 2
85922 2
85927 1
85928 2
85929 2
85940 2
85945 2
85947 3
85964 1
85968 2
85986 1
85990 1
86004 2
86017 1
86018 2
86022 2
86031 1
86063 2
86076 1
86077 1
86082 2
86083 2
86088 2
86108 1
86111 3
86113 2
86116 2
86131 2
86136 1
86143 2
86154 1
86157 1
86161 1
86170 2
86173 2
86175 2
86177 2
86179 2
86187 1
86191 1
86217 2
86220 2
86224 1
86229 2
86231 1
86235 1
86236 1
86239 1
86242 1
86253 1
86256 3
86257 1
86271 1
86290 2
86298 2
86303 1
86310 2
86344 1
86351 2
86352 1
86363 2
86365 2
86368 1
86373 1
86384 1
86399 2
86406 2
86422 2
86428 2
86460 1
86461 2
86469 1
86481 2
86482 2
86490 1
86492 1
86499 1
86505 1
86510 2
86514 1
86519 1
86532 1
86538 2
86554 1
86556 2
86561 2
86562 2
86567 3
86580 1
86595 1
86613 1
86619 1
86620 2
86623 2
86633 2
86639 2
86643 2
86655 2
86660 1
86662 2
86668 2
86669 3
86677 3
86685 1
86686 2
86695 2
86696 1
86704 2
86716 2
86723 2
86738 2
86755 2
86759 2
86773 2
86774 2
86776 2
86828 2
86831 2
86846 1
86857 2
86874 2
86876 1
86887 2
86927 1
86929 2
86935 1
86946 1
86952 1
86955 2
86959 1
86989 2
86990 1
86996 2
87001 2
87010 2
87017 1
87021 1
87028 2
87033 3
87034 1
87042 1
87045 2
87048 2
87052 2
87053 1
87054 2
87056 2
87075 2
87094 2
87103 2
87133 2
87134 1
87136 3
87143 2
87148 1
87155 2
87159 1
87162 2
87163 1
87177 2
87178 2
87182 1
87185 2
87189 3
87207 2
87210 1
87214 1
87215 1
87228 2
87229 2
87233 1
87239 2
87240 2
87243 4
87262 2
87273 1
87282 1
87303 2
87312 2
87320 2
87329 1
87347 2
87350 2
87376 2
87390 1
87399 2
87417 1
87429 1
87448 2
87458 1
87501 2
87524 2
87532 2
87538 2
87539 1
87549 2
87551 1
87554 1
87562 2
87565 1
87573 2
87578 2
87583 2
87613 1
87642 2
87644 2
87669 1
87671 2
87673 2
87675 2
87677 1
87689 3
87692 1
87737 2
87742 2
87746 2
87755 2
87756 1
87763 2
87765 2
87768 1
87779 2
87784 1
87787 2
87793 2
87818 3
87829 1
87834 1
87841 1
87849 2
87853 1
87855 2
87856 2
87859 2
87861 2
87869 1
87888 1
87896 2
87898 2
87904 1
87909 2
87921 1
87930 2
87936 1
87966 1
87983 1
87988 1
88002 1
88018 2
88020 2
88034 2
88045 1
88048 2
88062 3
88068 2
88072 1
88090 2
88101 1
88112 2
88137 2
88149 2
88156 1
88165 1
88187 1
88190 1
88194 1
88202 2
88203 2
88204 2
88206 1
88210 1
88217 2
88226 1
88258 1
88259 2
88271 2
88286 2
88297 2
88298 1
88299 2
88339 1
88347 2
88349 2
88355 1
88363 1
88368 2
88405 1
88407 1
88414 2
88421 2
88423 1
88440 2
88442 2
88446 2
88453 1
88455 1
88458 2
88469 1
88477 1
88483 2
88489 1
88494 2
88495 1
88498 1
88506 1
88527 1
88531 1
88541 1
88554 1
88574 2
88592 2
88595 2
88596 1
88598 1
88605 2
88613 2
88628 1
88643 1
88646 1
88647 1
88651 1
88654 2
88663 2
88681 2
88691 1
88698 2
88705 3
88707 2
88714 1
88719 1
88721 2
88734 1
88736 1
88738 2
88747 2
88751 1
88752 2
88767 2
88770 1
88792 1
88797 4
88814 2
88823 1
88829 1
88832 1
88842 2
88846 2
88855 2
88860 2
88870 1
88890 2
88891 1
88896 2
88921 1
88924 1
88935 4
88940 1
88950 2
88951 1
88953 1
88963 1
88980 1
88993 2
88999 2
89000 1
89010 1
89017 1
89032 2
89035 2
89054 1
89071 2
89076 2
89083 1
89090 1
89116 1
89121 1
89132 2
89135 1
89157 2
89162 3
89165 2
89173 1
89174 1
89178 2
89184 1
89200 2
89208 1
89212 1
89221 1
89228 2
89232 1
89234 2
89243 2
89247 2
89249 2
89252 2
89256 2
89277 1
89290 2
89296 1
89303 1
89314 2
89319 2
89326 3
89345 1
89356 1
89358 2
89365 1
89371 2
89372 2
89376 1
89382 1
89404 4
89419 1
89425 1
89426 1
89429 2
89430 2
89434 1
89453 1
89454 1
89458 1
89484 2
89498 1
89499 2
89505 1
89507 1
89511 2
89515 2
89520 1
89540 2
89545 2
89563 1
89596 2
89610 2
89614 2
89627 2
89635 2
89639 2
89645 2
89647 2
89654 2
89660 1
89664 1
89673 1
89681 2
89684 2
89688 1
89701 2
89703 2
89713 1
89729 1
89739 2
89748 1
89767 2
89779 1
89800 2
89813 2
89815 2
89828 1
89855 2
89857 3
89870 1
89892 1
89915 2
89918 3
89924 1
89947 2
89949 1
89950 2
89962 1
89973 2
89993 2
89995 1
90005 1
90023 1
90030 3
90033 1
90045 1
90048 2
90050 1
90069 1
90073 1
90077 3
90088 2
90110 2
90118 2
90119 3
90120 2
90134 1
90140 1
90142 2
90150 2
90155 2
90170 2
90181 2
90183 2
90189 2
90194 1
90196 1
90199 1
90202 1
90219 2
90239 1
90245 2
90266 3
90270 2
90277 1
90280 2
90288 2
90295 2
90301 1
90305 1
90309 2
90318 1
90329 1
90336 2
90339 2
90361 2
90376 2
90389 2
90396 2
90400 1
90414 1
90430 1
90433 1
90460 1
90481 3
90484 2
90493 2
90497 2
90501 2
90511 1
90518 1
90523 2
90524 2
90526 2
90531 2
90553 1
90565 1
90590 2
90604 2
90629 1
90631 2
90635 1
90639 1
90643 2
90648 1
90649 2
90663 2
90670 2
90688 1
90692 1
90702 2
90712 2
90724 1
90728 2
90734 1
90742 1
90745 2
90761 2
90769 2
90775 2
90777 2
90780 1
90786 1
90792 1
90800 2
90831 2
90852 2
90870 2
90885 2
90893 2
90903 2
90906 1
90908 1
90931 1
90933 1
90939 2
90943 1
90954 2
90956 1
90961 1
90962 1
90963 1
90979 1
90993 1
91002 1
91005 2
91007 1
91034 2
91036 1
91043 1
91056 2
91079 3
91093 2
91111 2
91132 2
91133 1
91162 1
91164 1
91167 2
91173 1
91199 1
91203 2
91204 2
91213 1
91223 1
91228 1
91229 3
91231 2
91242 1
91245 2
91250 2
91255 1
91256 1
91258 2
91260 3
91270 1
91282 1
91284 2
91285 2
91287 1
91290 2
91307 1
91315 2
91319 2
91333 1
91345 3
91349 2
91356 2
91359 2
91379 1
91395 2
91439 2
91449 1
91451 1
91463 1
91470 1
91492 2
91507 2
91513 1
91515 2
91534 1
91535 2
91547 2
91548 1
91551 2
91572 1
91602 2
91606 2
91608 2
91619 1
91620 1
91624 2
91626 1
91661 2
91671 1
91687 2
91697 2
91712 2
91722 2
91729 2
91734 1
91740 1
91741 1
91758 1
91761 2
91767 3
91769 2
91770 2
91771 2
91792 2
91796 2
91807 2
91815 3
91825 2
91833 2
91835 2
91836 1
91838 2
91848 2
91868 1
91883 1
91886 2
91893 2
91898 2
91905 1
91917 3
91923 1
91928 1
91937 2
91940 2
91955 2
91963 2
91964 1
91974 2
91980 1
91983 1
91985 2
91986 1
91998 2
91999 1
92001 2
92014 1
92016 2
92058 1
92069 2
92075 1
92094 1
92096 2
92117 1
92121 1
92129 2
92131 1
92153 2
92158 1
92175 1
92198 2
92209 2
92221 2
92233 1
92235 3
92250 2
92263 2
92278 1
92286 2
92301 2
92302 1
92313 2
92316 1
92329 2
92334 2
92354 2
92356 2
92360 1
92366 2
92371 2
92389 2
92433 2
92451 2
92452 2
92467 1
92469 1
92490 1
92492 1
92499 2
92500 3
92507 2
92508 3
92510 1
92516 2
92524 1
92531 1
92539 2
92540 2
92543 1
92566 2
92569 1
92570 2
92571 2
92574 2
92596 1
92599 2
92609 2
92616 2
92617 1
92622 1
92623 2
92637 3
92644 2
92648 2
92651 2
92659 2
92675 1
92685 1
92694 2
92707 1
92711 1
92713 2
92730 2
92745 2
92747 1
92751 2
92752 1
92758 2
92759 2
92770 2
92772 2
92774 2
92783 1
92800 2
92812 2
92815 3
92824 1
92829 3
92835 1
92838 2
92860 2
92863 1
92875 1
92880 2
92890 2
92938 1
92976 2
92992 2
93003 1
93023 3
93024 1
93050 2
93057 2
93058 2
93075 2
93084 1
93113 2
93119 1
93134 2
93148 2
93156 1
93175 2
93180 3
93208 1
93211 1
93221 2
93230 2
93233 2
93244 2
93262 2
93265 3
93270 2
93278 2
93287 1
93289 1
93311 1
93328 2
93339 2
93360 2
93386 1
93394 2
93401 2
93407 1
93415 2
93424 2
93433 1
93442 2
93464 1
93471 1
93506 2
93507 1
93516 1
93555 2
93557 2
93566 1
93580 1
93582 1
93596 2
93599 1
93610 1
93612 1
93633 2
93645 2
93654 2
93662 2
93673 2
93677 2
93686 1
93702 1
93705 2
93708 1
93716 2
93724 2
93728 2
93743 1
93758 1
93765 1
93790 2
93810 3
93826 2
93835 2
93840 2
93845 2
93851 2
93856 2
93860 1
93866 1
93867 2
93868 1
93897 1
93917 1
93919 2
93928 2
93929 2
93942 1
93947 1
93955 2
93959 2
93972 2
93983 3
93984 2
93985 2
94003 3
94017 2
94022 2
94027 2
94030 1
94034 2
94042 2
94049 2
94055 2
94060 1
94068 2
94071 2
94076 1
94092 1
94109 1
94116 2
94117 2
94140 1
94160 2
94161 1
94167 2
94187 2
94197 2
94236 1
94238 1
94240 2
94243 2
94275 2
94276 1
94302 1
94309 2
94312 2
94315 1
94357 1
94366 1
94370 2
94388 2
94403 1
94406 2
94409 1
94414 2
94457 2
94461 2
94467 2
94476 1
94481 1
94483 1
94484 1
94487 2
94498 2
94514 2
94515 2
94532 1
94536 1
94543 1
94550 2
94558 2
94562 2
94568 1
94572 2
94581 1
94583 2
94585 2
94591 2
94599 3
94600 2
94603 1
94604 1
94618 2
94620 2
94625 2
94638 1
94639 2
94653 1
94658 1
94671 1
94682 1
94687 2
94708 2
94711 2
94727 1
94746 1
94750 4
94759 2
94781 2
94783 1
94784 1
94786 2
94791 2
94799 1
94811 1
94814 1
94823 1
94830 1
94834 1
94859 2
94866 2
94872 1
94881 1
94904 2
94914 1
94916 1
94919 1
94923 2
94941 2
94950 1
94971 2
94979 3
94993 1
95000 2
95012 3
95016 1
95031 2
95040 1
95042 1
95062 2
95099 1
95105 2
95106 2
95107 1
95118 2
95130 1
95136 2
95140 1
95151 1
95173 2
95177 3
95191 2
95202 2
95203 2
95204 2
95205 2
95224 2
95226 1
95228 2
95234 2
95240 2
95250 2
95251 2
95256 3
95258 2
95259 1
95263 1
95266 1
95270 1
95284 2
95296 3
95299 2
95305 1
95325 3
95341 1
95345 2
95349 2
95368 2
95372 3
95376 2
95381 2
95382 2
95397 1
95409 2
95413 2
95417 1
95419 2
95424 2
95451 2
95454 2
95455 1
95463 2
95466 2
95487 2
95488 2
95501 2
95515 2
95520 2
95521 2
95526 2
95549 2
95556 2
95561 1
95565 2
95568 2
95578 1
95580 1
95586 3
95591 2
95592 2
95594 1
95597 1
95600 3
95621 1
95626 1
95652 1
95672 1
95705 2
95712 1
95735 1
95751 2
95769 2
95782 2
95793 1
95804 2
95806 3
95822 1
95827 1
95865 1
95866 2
95877 2
95907 1
95909 2
95916 2
95919 3
95920 1
95923 2
95924 1
95939 2
95943 2
95948 2
95968 1
95969 1
95976 2
95986 2
95989 1
96008 2
96032 3
96043 2
96053 2
96060 2
96067 2
96069 2
96077 2
96088 1
96103 3
96112 2
96116 1
96119 2
96125 2
96127 1
96139 2
96144 2
96146 2
96166 2
96181 1
96187 1
96194 1
96246 2
96248 2
96271 3
96274 1
96285 2
96286 2
96288 1
96298 2
96305 2
96309 2
96313 3
96320 2
96322 3
96331 2
96347 2
96355 2
96361 1
96365 1
96389 1
96398 2
96400 1
96403 2
96405 3
96407 2
96422 2
96432 2
96451 2
96473 2
96482 1
96490 1
96493 1
96511 1
96515 1
96521 2
96526 2
96537 2
96540 2
96552 1
96563 3
96564 1
96571 1
96576 1
96583 4
96593 1
96620 2
96627 2
96635 2
96640 3
96647 1
96654 2
96656 2
96672 1
96675 2
96695 2
96697 1
96702 2
96713 3
96719 1
96732 2
96734 2
96740 2
96741 2
96755 2
96759 2
96765 2
96779 1
96781 2
96795 2
96803 1
96805 2
96810 2
96811 1
96816 3
96820 2
96821 2
96825 2
96837 1
96838 2
96844 2
96848 2
96851 2
96852 2
96860 2
96875 1
96877 2
96884 2
96886 2
96897 1
96902 2
96910 1
96924 2
96936 1
96939 2
96941 3
96956 1
96994 2
97000 2
97003 2
97017 1
97018 1
97025 3
97029 1
97039 1
97061 1
97068 1
97069 2
97093 2
97094 2
97103 1
97105 2
97130 2
97133 2
97140 2
97160 1
97162 3
97170 3
97195 3
97196 2
97199 2
97213 2
97216 1
97227 2
97233 2
97236 2
97249 2
97260 1
97261 3
97281 2
97317 3
97320 1
97321 2
97322 4
97334 2
97346 1
97352 2
97369 1
97380 2
97382 2
97386 2
97388 2
97410 3
97415 2
97416 1
97421 3
97427 1
97430 2
97436 2
97438 1
97439 2
97442 2
97446 2
97450 1
97452 2
97455 2
97471 1
97483 2
97491 2
97493 2
97510 2
97511 1
97521 2
97526 1
97544 2
97562 2
97590 1
97609 3
97610 2
97611 2
97630 2
97631 3
97636 2
97648 2
97660 1
97662 1
97665 1
97670 3
97690 1
97700 2
97701 1
97708 2
97723 2
97728 2
97733 2
97742 2
97753 1
97764 2
97767 2
97781 4
97794 4
97795 2
97798 1
97807 2
97819 2
97826 1
97859 2
97878 1
97883 1
97893 3
97897 1
97909 1
97912 1
97932 2
97945 1
97980 1
97987 2
98009 3
98016 2
98023 2
98033 2
98047 2
98050 2
98062 2
98066 2
98076 2
98080 2
98086 2
98113 2
98115 1
98131 1
98190 1
98195 3
98198 1
98206 2
98213 1
98215 2
98219 2
98235 2
98242 3
98257 2
98267 2
98294 2
98295 3
98297 2
98320 2
98339 2
98347 2
98355 2
98373 1
98383 1
98394 2
98401 1
98443 2
98444 1
98456 2
98466 2
98476 2
98481 3
98506 2
98507 2
98528 3
98530 2
98539 1
98549 2
98551 1
98571 2
98573 2
98586 2
98602 2
98630 1
98633 1
98639 2
98662 1
98666 2
98704 1
98717 2
98724 1
98728 2
98740 2
98751 3
98754 2
98766 2
98772 2
98776 2
98810 2
98814 1
98815 2
98818 1
98824 1
98832 2
98842 2
98858 1
98866 2
98873 3
98881 1
98886 1
98897 2
98900 1
98913 2
98919 1
98922 1
98929 1
98930 2
98933 3
98936 2
98941 2
98942 1
98947 2
98955 2
98987 2
98992 1
98993 2
99008 1
99018 1
99025 1
99026 2
99042 1
99043 2
99048 3
99049 2
99058 1
99072 2
99083 2
99099 3
99102 1
99157 1
99161 2
99170 1
99189 1
99190 1
99191 1
99207 1
99215 1
99220 1
99226 2
99235 2
99239 2
99242 2
99255 1
99256 1
99266 1
99272 1
99277 2
99300 1
99304 2
99308 1
99334 2
99339 2
99365 2
99382 2
99384 1
99400 2
99406 2
99408 1
99409 1
99416 1
99422 2
99440 2
99449 3
99451 2
99476 2
99482 2
99487 2
99496 2
99498 2
99524 2
99538 2
99539 1
99545 2
99554 2
99558 1
99560 2
99562 1
99565 1
99566 2
99573 2
99578 1
99586 1
99614 2
99621 2
99629 1
99637 1
99655 2
99660 1
99665 2
99668 2
99674 1
99679 2
99693 2
99708 2
99724 1
99735 1
99739 4
99743 2
99746 2
99751 2
99760 3
99771 2
99773 2
99796 2
99802 1
99847 3
99850 2
99852 2
99863 4
99867 1
99870 2
99876 2
99897 1
99925 2
99930 2
99951 2
99962 1
99967 1
99976 2
99979 2
99982 2
99984 1
99998 2
100000 2
