41 2
73 2
97 2
148 1
165 1
291 3
309 2
321 1
335 2
348 2
352 2
550 4
554 2
564 2
595 2
598 2
599 1
601 2
635 2
654 2
672 2
682 2
687 2
696 1
782 2
1036 2
1137 2
1156 2
1159 3
1170 2
1190 2
1195 1
1200 2
1240 2
1259 2
1271 1
1294 1
1297 2
1315 1
1329 1
1348 2
1382 1
1399 1
1419 2
1420 2
1422 2
1501 2
1504 2
1589 2
1939 2
2011 2
2030 2
2110 4
2128 2
2150 3
2165 2
2185 2
2199 2
2285 2
2344 3
2366 2
2400 2
2402 3
2438 1
2458 1
2472 1
2531 2
2540 2
2542 2
2569 1
2574 2
2588 2
2595 1
2622 2
2645 1
2690 1
2719 2
2720 2
2723 2
2727 1
2741 1
2749 1
2794 1
2812 1
2822 2
2831 2
2844 1
2893 2
2954 2
2956 2
2998 2
3128 2
3144 2
3160 1
3311 2
3314 2
3488 2
3708 2
3786 2
3826 2
3899 2
3939 2
3944 2
3984 2
4170 2
4186 2
4187 2
4206 2
4233 2
4273 2
4330 2
4343 5
4438 2
4466 4
4490 3
4493 3
4536 2
4604 2
4609 3
4639 3
4661 2
4675 3
4708 2
4766 2
4783 5
4791 4
4819 2
4832 1
4888 2
4891 2
4942 2
4951 1
4963 2
4980 1
4999 2
5000 1
5005 1
5006 2
5010 1
5025 1
5035 1
5085 2
5107 2
5108 1
5110 1
5137 2
5148 1
5158 1
5180 2
5191 1
5209 2
5228 1
5248 2
5264 1
5300 1
5315 2
5320 2
5324 2
5326 2
5398 2
5447 1
5492 2
5522 2
5547 2
5553 1
5560 2
5595 1
5656 1
5674 2
5700 2
5730 2
5734 2
5774 2
5815 2
5857 1
5867 2
5872 2
5901 2
5902 2
5929 2
6005 2
6023 2
6096 2
6256 2
6314 2
6333 2
6335 2
6340 2
6406 2
6454 2
6466 2
6640 2
6741 2
6801 2
6827 2
6935 2
7165 2
7320 2
7577 2
7645 2
7665 2
7812 2
7836 2
7917 2
7997 2
8103 2
8148 2
8162 3
8234 2
8464 2
8468 2
8484 2
8568 3
8573 3
8575 2
8605 2
8627 2
8673 2
8695 2
8720 3
8730 2
8736 2
8756 3
8772 4
8779 3
8815 2
8823 3
8846 2
8902 2
8958 3
8968 2
8975 2
8987 2
9007 4
9021 2
9070 3
9127 2
9135 2
9136 2
9203 4
9229 2
9234 2
9236 2
9269 3
9278 2
9294 2
9324 3
9344 2
9353 2
9364 3
9377 2
9381 2
9384 3
9411 2
9425 3
9443 1
9462 2
9466 2
9497 2
9511 1
9534 1
9568 1
9577 2
9587 1
9597 1
9643 2
9664 2
9667 1
9684 1
9696 2
9710 2
9788 2
9799 1
9813 1
9824 1
9933 2
10034 2
10051 1
10052 2
10053 1
10082 2
10084 1
10086 1
10110 2
10112 1
10185 2
10186 1
10192 1
10194 1
10227 2
10230 1
10232 2
10248 2
10260 1
10309 1
10322 1
10349 2
10378 2
10387 1
10402 2
10439 2
10458 2
10480 1
10481 2
10494 2
10513 2
10514 2
10529 2
10531 1
10535 1
10560 1
10571 2
10627 1
10634 1
10642 1
10645 2
10658 2
10683 2
10686 1
10696 2
10727 2
10735 2
10746 2
10751 2
10774 2
10792 1
10807 2
10811 2
10820 2
10823 1
10851 2
10853 1
10854 2
10862 2
10885 2
10929 2
10943 1
11033 1
11074 1
11128 2
11130 2
11138 2
11179 1
11202 2
11255 1
11294 2
11296 2
11341 2
11364 2
11378 2
11388 1
11400 2
11430 2
11524 2
11579 2
11635 1
11699 1
11882 2
11901 2
12045 1
12080 2
12082 2
12184 2
12237 2
12444 2
12482 2
12513 2
12516 2
12539 2
12548 2
12576 2
12580 2
12624 2
12753 2
12919 2
12920 2
12989 2
13005 2
13014 1
13026 2
13031 2
13074 2
13162 2
13247 2
13529 2
13815 1
13825 2
13831 2
13847 2
13853 2
13913 2
13986 2
14060 2
14125 4
14176 2
14264 2
14442 2
14449 3
14575 2
14656 2
14721 2
14792 2
14850 2
14852 2
15120 2
15179 2
15182 2
15185 2
15217 2
15336 2
15561 2
15647 2
15795 2
15826 2
16089 2
16201 2
16261 2
16272 2
16450 2
16577 2
16612 2
16659 2
16662 2
16670 3
16761 5
16847 2
16865 2
16893 2
17075 2
17094 2
17158 2
17185 3
17206 2
17207 2
17293 3
17305 2
17314 2
17326 2
17330 2
17369 2
17374 2
17404 2
17450 2
17461 4
17473 2
17494 3
17518 2
17540 2
17547 2
17566 2
17594 2
17595 2
17623 2
17676 2
17708 2
17747 2
17753 3
17784 4
17789 2
17795 2
17825 2
17841 2
17853 3
17919 2
17921 2
17928 2
17936 2
17942 2
17950 2
17965 2
17980 2
18019 2
18049 2
18107 2
18128 2
18150 2
18165 2
18219 2
18220 3
18246 2
18247 2
18250 2
18286 4
18303 3
18312 2
18346 4
18362 3
18387 2
18396 2
18403 3
18422 2
18426 2
18455 2
18496 3
18503 2
18530 4
18565 4
18596 3
18598 2
18600 2
18601 3
18623 4
18666 5
18675 2
18807 3
18811 4
18837 2
18840 2
18846 3
18848 2
18868 4
18901 2
18914 2
18984 2
19027 1
19034 1
19046 1
19066 1
19078 1
19085 1
19096 1
19107 1
19117 1
19136 1
19172 1
19217 1
19227 1
19230 2
19253 1
19256 1
19260 1
19262 2
19280 2
19308 1
19341 2
19352 1
19359 2
19363 1
19393 1
19422 1
19424 1
19426 2
19436 1
19438 2
19439 1
19444 1
19543 1
19627 1
19635 2
19665 1
19667 1
19700 1
19703 2
19759 1
19830 1
19832 2
19837 2
19851 1
19854 1
19863 1
19869 1
19878 2
19899 2
19909 1
19912 1
19944 2
19973 1
19991 1
19993 1
20006 2
20030 1
20033 2
20090 2
20113 1
20131 1
20168 2
20198 1
20216 2
20241 1
20243 2
20279 2
20293 1
20311 2
20320 1
20327 2
20343 1
20360 1
20393 1
20396 2
20476 1
20481 2
20490 2
20497 1
20499 1
20514 1
20534 2
20543 2
20551 2
20600 1
20639 1
20652 1
20664 2
20669 2
20684 1
20687 1
20712 1
20726 1
20741 1
20749 2
20771 1
20773 2
20778 1
20783 1
20814 2
20827 1
20840 1
20868 1
20880 2
20895 1
20914 2
20961 2
20970 1
21007 1
21011 2
21018 2
21056 2
21067 1
21092 2
21096 2
21103 2
21109 2
21126 2
21150 1
21200 1
21204 1
21207 1
21222 2
21238 1
21241 2
21261 1
21274 2
21322 1
21392 1
21413 2
21459 1
21467 2
21481 2
21489 2
21501 2
21569 2
21571 2
21576 2
21617 2
21644 2
21645 2
21658 1
21660 1
21662 1
21712 2
21768 1
21774 2
21784 2
21800 1
21837 2
21849 2
21870 2
21889 2
21919 2
21982 1
22017 2
22018 2
22045 2
22059 1
22078 2
22108 2
22134 1
22165 1
22176 1
22212 2
22220 2
22239 2
22242 2
22280 2
22293 2
22309 2
22321 1
22344 1
22358 2
22379 1
22457 2
22468 2
22496 2
22524 2
22615 2
22623 2
22645 2
22646 2
22651 1
22680 2
22751 2
22782 2
22785 2
22787 1
22828 2
22879 2
22901 1
22937 1
23072 2
23076 1
23098 2
23110 2
23119 2
23129 2
23133 2
23225 2
23264 2
23269 2
23275 1
23363 1
23413 2
23419 2
23479 2
23489 2
23676 1
23698 2
23716 2
23744 2
23780 1
23850 1
23986 1
24036 2
24083 2
24119 2
24175 2
24217 2
24314 2
24315 2
24342 2
24368 1
24521 2
24558 2
24667 2
24766 2
24876 2
24915 2
24981 1
24990 2
25032 2
25555 2
25606 2
25682 1
25738 2
25750 2
25754 1
25937 2
25962 2
25965 2
25966 2
26191 2
26355 2
26390 2
26405 2
26418 2
26492 2
26540 2
26590 2
26610 2
26920 2
26962 3
27102 2
27127 2
27168 2
27382 2
27479 2
27506 2
27554 2
27639 2
27649 2
27655 2
27774 2
27826 2
27840 2
27877 2
28138 2
28505 2
28512 2
29108 2
29485 2
29682 2
30006 2
30026 2
30121 2
30159 2
30222 2
30313 2
30464 2
30499 2
30708 2
30724 2
30959 2
30962 2
30984 3
30990 2
31021 2
31061 2
31126 2
31272 2
31420 2
31433 2
31637 3
31683 2
31695 2
31894 2
31943 2
31960 2
31969 2
32079 2
32253 2
32293 2
32315 2
32347 2
32351 2
32381 3
32524 2
32581 2
32646 2
32696 2
32697 2
32733 2
32829 3
32874 2
32900 2
32963 2
32971 2
32987 2
33001 3
33018 2
33061 2
33133 2
33153 2
33156 2
33162 2
33354 3
33427 2
33453 4
33468 2
33503 2
33595 3
33612 2
33630 2
33662 2
33700 2
33754 4
33958 4
34030 2
34094 2
34127 2
34152 2
34181 2
34187 2
34211 2
34254 2
34367 2
34379 2
34469 2
34492 2
34547 3
34563 2
34616 2
34621 2
34684 2
34715 2
34727 2
34735 2
34753 2
34781 3
34786 2
34787 2
34797 2
34808 3
34849 2
34891 2
34905 2
34913 3
34949 2
34996 2
35006 2
35087 2
35130 2
35213 2
35220 2
35230 2
35282 2
35366 2
35412 2
35450 2
35492 2
35540 2
35559 4
35608 4
35634 3
35646 2
35665 2
35674 2
35698 2
35744 2
35747 2
35766 2
35794 2
35808 2
35819 2
35864 2
35950 2
35970 2
35984 3
36006 2
36032 2
36036 3
36041 5
36069 2
36073 2
36106 2
36115 2
36122 2
36123 2
36137 2
36159 2
36181 2
36204 2
36250 2
36272 2
36274 2
36300 2
36305 2
36321 2
36324 3
36338 2
36348 3
36371 2
36385 3
36389 2
36396 4
36407 2
36432 2
36448 2
36461 2
36479 2
36501 2
36513 3
36520 3
36541 3
36555 2
36586 2
36595 2
36625 2
36640 4
36655 3
36712 3
36721 2
36737 4
36738 2
36769 2
36806 2
36827 2
36864 2
36876 2
36888 2
36889 2
36897 2
36923 2
36953 2
36963 2
36964 4
36983 2
36988 3
37075 2
37097 2
37153 2
37175 2
37208 2
37230 2
37235 2
37280 2
37290 2
37307 3
37339 2
37356 2
37371 2
37378 2
37381 3
37415 3
37437 2
37450 3
37462 2
37494 5
37532 3
37538 2
37554 4
37587 2
37598 4
37637 2
37640 3
37653 3
37654 2
37676 3
37683 2
37731 2
37732 4
37758 4
37795 3
37805 2
37808 2
37811 2
37838 2
37856 4
37917 2
37921 3
37932 4
37947 2
37971 2
38018 2
38031 2
38035 2
38037 2
38038 1
38041 2
38044 2
38050 1
38059 1
38094 1
38155 2
38157 1
38158 1
38166 1
38168 1
38171 1
38172 1
38228 2
38230 1
38233 2
38248 2
38263 1
38293 1
38313 1
38343 2
38373 1
38391 2
38413 1
38423 1
38442 1
38465 1
38499 1
38503 1
38512 2
38524 1
38531 1
38550 1
38579 1
38591 1
38595 2
38622 2
38633 2
38651 1
38660 1
38751 2
38755 1
38799 2
38803 2
38839 2
38862 2
38873 1
38898 1
38912 1
38939 2
38969 1
38975 1
38982 1
38988 2
39020 1
39030 1
39060 1
39072 1
39087 1
39106 2
39112 1
39126 1
39139 1
39153 1
39170 1
39184 2
39237 2
39241 2
39249 2
39273 1
39305 2
39319 2
39339 2
39343 1
39351 2
39353 1
39374 2
39413 1
39422 1
39427 2
39430 1
39443 1
39448 2
39502 1
39527 2
39544 2
39548 1
39553 2
39556 2
39557 2
39562 2
39595 1
39670 1
39673 2
39674 1
39682 1
39689 2
39698 1
39705 1
39722 1
39724 1
39750 2
39780 1
39785 2
39788 1
39821 1
39823 1
39834 2
39840 1
39842 2
39852 1
39857 1
39899 2
39920 1
39931 2
39934 1
39959 1
39965 2
39994 2
40041 1
40047 1
40055 1
40064 1
40067 1
40078 2
40100 1
40117 1
40133 2
40168 2
40181 2
40187 1
40191 1
40210 1
40230 1
40238 2
40242 2
40249 2
40250 1
40255 2
40259 2
40265 2
40266 2
40269 1
40274 1
40284 2
40292 1
40314 2
40386 1
40406 2
40454 2
40455 2
40465 2
40509 1
40510 2
40524 1
40535 2
40555 2
40574 2
40596 2
40601 1
40619 1
40626 2
40647 2
40659 1
40668 1
40694 1
40737 2
40742 2
40751 1
40773 2
40778 2
40779 2
40780 2
40818 1
40838 2
40881 2
40913 1
40914 1
40991 2
41054 2
41123 1
41154 2
41158 2
41168 2
41279 2
41286 2
41321 1
41324 2
41340 2
41364 2
41377 1
41386 1
41398 2
41419 1
41425 1
41426 2
41440 2
41500 2
41521 2
41526 1
41545 2
41550 2
41564 2
41662 2
41704 1
41712 1
41730 1
41788 1
41796 2
41807 2
41808 2
41828 2
41859 1
41862 2
41863 2
41866 1
41872 1
41875 1
41925 1
41927 2
41977 2
42016 1
42030 1
42035 2
42037 1
42057 1
42063 2
42069 2
42070 1
42095 2
42160 2
42169 2
42173 2
42183 1
42185 2
42187 2
42208 2
42211 2
42253 1
42257 1
42263 2
42316 1
42357 1
42366 1
42370 2
42402 2
42404 1
42427 1
42432 1
42443 1
42479 1
42489 1
42501 2
42524 2
42556 2
42577 2
42597 2
42612 1
42632 2
42637 1
42703 2
42753 1
42763 2
42767 1
42773 1
42785 2
42817 2
42875 2
42914 2
42919 2
42931 2
42950 1
42951 1
42961 2
42976 1
42994 2
43014 2
43027 2
43045 2
43106 2
43147 2
43192 2
43257 2
43284 2
43298 2
43316 1
43343 2
43403 1
43420 1
43438 2
43448 2
43469 1
43483 2
43499 1
43570 2
43608 2
43632 1
43641 1
43661 2
43692 1
43705 1
43719 2
43720 1
43725 2
43743 2
43754 1
43836 1
43844 2
43933 2
43960 1
43983 2
43991 2
44052 2
44061 2
44064 1
44066 2
44122 1
44126 2
44131 2
44150 2
44169 1
44235 1
44256 2
44259 2
44312 1
44322 2
44381 1
44419 2
44423 2
44441 1
44460 1
44469 1
44488 2
44509 1
44599 2
44657 1
44658 2
44694 2
44699 2
44757 2
44799 2
44840 2
44841 1
44855 2
44877 1
44899 2
44926 2
44961 1
45061 1
45072 1
45173 2
45211 1
45224 2
45232 2
45269 2
45281 1
45301 2
45425 1
45427 2
45503 2
45546 1
45573 2
45582 1
45587 2
45591 2
45615 2
45737 2
45744 1
45773 2
45783 2
45808 2
45871 2
45941 2
45948 1
45977 1
45984 2
46002 2
46017 1
46037 2
46123 2
46128 2
46138 1
46146 2
46156 2
46167 2
46175 2
46189 2
46218 2
46237 2
46312 2
46329 1
46331 2
46333 2
46336 2
46374 2
46379 2
46419 1
46429 2
46438 2
46498 1
46541 1
46569 2
46579 2
46708 2
46727 2
46729 2
46730 2
46734 2
46738 1
46741 2
46784 2
46804 2
46836 1
46845 2
46864 2
46895 2
46906 1
46907 2
46932 2
46957 2
46964 1
46974 2
46980 2
46983 2
47026 1
47062 2
47110 2
47141 1
47248 2
47282 2
47308 2
47318 2
47406 1
47413 2
47420 1
47436 2
47510 2
47545 2
47574 2
47669 2
47673 1
47745 1
47813 2
47822 2
47899 2
47902 2
47932 2
47975 2
48057 2
48124 2
48126 2
48217 2
48309 2
48353 2
48445 2
48535 1
48553 2
48673 2
48688 1
48691 2
48726 2
48741 2
48784 2
48786 2
48895 2
48922 2
48995 1
49007 1
49107 2
49350 2
49472 2
49552 2
49569 1
49629 2
49633 2
49661 2
49705 2
49792 2
49857 2
49858 2
49907 2
50045 1
50051 2
50125 1
50171 2
50299 2
50314 1
50381 2
50573 2
50598 2
50727 2
50799 2
50920 2
50926 2
51093 1
51126 2
51208 2
51237 2
51334 2
51358 1
51404 2
51627 2
51647 2
51723 2
51823 1
51973 2
52044 2
52166 2
52176 2
52573 1
52587 2
52628 2
52742 2
52857 2
52971 2
53182 2
53253 2
53343 2
53363 2
53718 2
53726 2
53754 2
53773 2
53807 2
54144 2
54204 2
54215 2
54500 3
54552 2
54723 2
54750 2
54873 2
55133 2
55546 2
55570 2
55668 1
55694 2
55784 2
56192 2
56583 2
56727 2
56808 2
56874 2
57143 2
57381 2
57401 2
57765 2
58239 2
58268 2
58284 2
58365 2
58369 2
58680 2
58714 2
59049 2
59269 2
59291 2
59358 2
59512 2
59842 2
59873 2
59906 2
59975 2
60247 2
60670 2
61103 2
61133 2
61213 2
61261 2
61295 2
61307 2
61372 3
61547 2
61709 2
61731 2
61916 2
62019 2
62058 2
62059 2
62113 2
62200 2
62249 2
62317 2
62422 2
62487 2
62574 2
62577 2
62579 2
62772 2
62833 2
62859 2
62922 2
62966 2
63088 2
63126 3
63188 3
63517 2
63543 2
63601 2
63665 2
63734 2
63752 2
63860 2
63893 2
63947 2
63998 2
63999 2
64053 2
64123 2
64176 2
64240 2
64324 2
64362 2
64522 2
64618 2
64645 2
64677 2
64746 2
64807 2
64838 4
64895 2
64947 2
65227 2
65229 2
65255 2
65256 3
65258 2
65260 2
65267 3
65332 2
65347 2
65370 2
65400 2
65468 2
65485 2
65611 2
65636 2
65650 3
65664 2
65665 2
65731 2
65802 3
65816 2
65818 2
65834 2
65842 2
65923 2
66017 3
66038 2
66129 2
66252 2
66280 2
66358 2
66362 2
66447 2
66471 2
66501 2
66562 2
66619 2
66635 2
66641 2
66669 2
66701 2
66821 2
66851 3
66873 2
67049 3
67120 2
67174 2
67184 2
67217 2
67246 2
67256 3
67318 2
67450 2
67488 2
67524 2
67534 2
67584 2
67627 2
67655 3
67675 3
67794 4
67800 3
67841 2
67854 2
67858 2
67928 3
67996 2
68158 2
68167 2
68372 2
68390 2
68494 2
68592 2
68630 2
68696 2
68843 2
68851 2
68856 2
68878 2
68883 2
68903 2
68908 2
68960 2
69052 2
69056 3
69124 2
69152 2
69158 2
69171 2
69225 2
69275 2
69365 2
69382 5
69526 2
69527 2
69613 2
69667 2
69694 2
69695 2
69709 2
69727 2
69751 2
69752 2
69767 2
69794 2
69873 2
69893 2
69897 3
69982 2
70019 2
70028 2
70050 2
70151 3
70175 2
70213 2
70215 2
70252 2
70257 2
70330 2
70356 2
70394 2
70531 3
70534 2
70545 2
70562 2
70571 2
70604 4
70609 2
70661 2
70678 2
70736 2
70763 2
70774 2
70814 2
70914 3
70971 2
71001 3
71004 2
71043 4
71085 2
71125 2
71126 2
71144 2
71172 2
71179 2
71240 2
71242 5
71249 2
71253 3
71259 5
71280 2
71294 3
71314 5
71374 3
71410 2
71512 2
71516 2
71533 3
71538 2
71540 2
71652 2
71690 2
71696 2
71736 3
71770 2
71772 3
71792 2
71799 2
71810 2
71820 2
71821 5
71836 2
71854 2
71862 2
71897 3
71914 2
71953 2
71958 2
72051 2
72062 2
72066 2
72068 2
72071 2
72135 2
72142 2
72193 2
72257 3
72307 3
72348 4
72351 3
72354 2
72384 2
72386 3
72407 2
72454 3
72467 2
72475 2
72500 4
72505 3
72523 2
72596 2
72598 4
72662 4
72673 2
72735 2
72742 2
72748 3
72760 3
72786 2
72843 3
72853 2
72855 3
72858 2
72873 3
72882 2
73030 2
73031 2
73035 2
73082 2
73086 2
73096 5
73163 2
73175 2
73185 2
73186 2
73195 4
73200 2
73217 2
73220 2
73247 2
73250 4
73257 4
73281 2
73314 4
73318 2
73336 2
73337 3
73361 3
73372 3
73399 2
73437 2
73452 2
73478 2
73544 2
73560 4
73599 2
73614 2
73620 2
73621 2
73658 5
73692 2
73706 4
73714 2
73726 3
73751 2
73766 4
73785 2
73878 4
73907 2
73931 2
73957 2
73966 5
74010 2
74014 2
74017 2
74068 2
74070 3
74097 2
74112 2
74120 2
74145 3
74146 3
74149 2
74173 2
74180 2
74242 2
74245 5
74246 5
74265 2
74275 2
74349 2
74354 4
74357 3
74362 2
74363 2
74372 2
74391 2
74400 3
74414 2
74425 3
74434 3
74459 2
74473 2
74492 2
74548 2
74554 4
74558 3
74598 2
74692 4
74705 2
74725 2
74727 3
74748 2
74755 2
74800 2
74867 2
74873 4
74898 2
74915 2
74930 2
74967 4
74971 3
74985 3
74996 3
75003 4
75010 4
75067 3
75101 2
75102 2
75104 2
75141 2
75144 2
75153 2
75194 5
75201 4
75206 3
75213 3
75259 2
75272 4
75283 4
75294 2
75299 2
75306 2
75343 2
75383 3
75410 3
75413 3
75414 5
75428 3
75448 2
75449 2
75487 2
75497 2
75499 4
75500 2
75509 2
75516 2
75548 4
75563 3
75576 2
75601 5
75626 3
75677 4
75718 2
75737 2
75784 2
75799 2
75817 2
75818 4
75825 3
75900 3
75920 2
75953 2
75977 2
75997 2
76018 2
76026 3
76029 2
76073 2
76092 2
76093 3
76099 2
76108 5
76127 5
76138 2
76162 4
76191 2
76197 3
76205 2
76210 2
76232 2
76252 4
76269 4
76270 3
76285 3
76305 2
76348 5
76357 3
76375 2
76379 2
76403 2
76416 4
76424 2
76448 2
76490 5
76504 3
76569 3
76580 2
76581 2
76597 4
76600 3
76604 2
76610 1
76640 2
76659 2
76668 1
76672 1
76695 2
76736 1
76764 1
76766 1
76772 1
76778 1
76788 1
76792 1
76799 1
76806 1
76815 1
76822 1
76899 1
76915 1
76939 2
76972 2
77000 1
77009 1
77073 1
77087 1
77088 1
77111 2
77112 1
77115 1
77156 2
77167 2
77185 1
77199 1
77206 2
77232 1
77237 1
77259 1
77263 2
77275 1
77276 1
77277 1
77287 2
77291 2
77294 2
77296 1
77316 2
77319 1
77333 1
77335 1
77391 2
77392 2
77410 1
77431 1
77483 1
77493 1
77508 1
77526 1
77532 1
77546 1
77570 2
77581 1
77597 1
77601 2
77605 2
77609 1
77616 2
77621 2
77646 2
77668 2
77687 1
77696 2
77701 2
77719 1
77720 2
77727 1
77732 1
77746 2
77760 2
77771 1
77789 1
77790 1
77796 1
77799 1
77812 1
77824 2
77835 1
77843 1
77869 1
77870 2
77878 1
77944 1
77947 1
77957 1
77959 2
77966 1
77974 1
78003 1
78009 1
78043 2
78045 2
78063 1
78069 1
78088 2
78102 1
78211 1
78258 1
78273 1
78290 2
78316 1
78326 2
78344 1
78370 1
78405 2
78413 1
78419 1
78433 1
78444 1
78453 1
78455 1
78457 1
78516 1
78538 1
78544 1
78549 1
78598 2
78608 1
78633 1
78639 1
78641 1
78645 1
78652 1
78669 2
78672 1
78674 2
78686 2
78692 2
78693 2
78710 1
78736 1
78757 2
78776 2
78788 1
78804 2
78808 1
78809 2
78812 1
78822 1
78886 2
78928 2
78972 2
78973 1
78977 1
78980 2
78988 2
78997 1
79002 1
79011 1
79114 2
79125 1
79131 1
79174 1
79178 2
79179 2
79209 2
79222 1
79252 1
79253 2
79260 2
79261 1
79269 2
79287 2
79289 2
79349 1
79351 1
79356 2
79405 1
79417 1
79431 2
79457 1
79477 2
79493 1
79496 1
79504 2
79513 2
79554 2
79628 2
79634 1
79638 2
79693 2
79702 1
79711 2
79754 1
79773 1
79793 1
79806 1
79841 1
79861 1
79862 2
79872 1
79875 1
79932 1
79950 1
79975 1
79982 2
80017 2
80022 1
80055 1
80058 2
80064 2
80065 1
80074 2
80082 2
80086 2
80118 1
80135 1
80146 1
80156 1
80163 1
80210 1
80217 2
80219 1
80223 1
80226 1
80253 1
80259 2
80269 1
80278 1
80286 2
80291 2
80307 1
80311 1
80338 2
80364 2
80372 1
80404 1
80436 1
80441 2
80461 2
80482 1
80492 1
80536 2
80547 1
80572 2
80576 1
80593 1
80594 2
80598 1
80622 1
80640 1
80646 2
80676 2
80706 1
80721 2
80745 2
80757 2
80769 2
80785 1
80791 1
80805 1
80813 1
80823 2
80824 2
80842 2
80874 2
80877 2
80886 1
80900 2
80904 2
80914 2
80962 1
80972 1
80997 1
81032 1
81034 1
81043 2
81044 2
81058 2
81070 2
81086 1
81087 1
81149 2
81156 2
81159 2
81198 2
81200 2
81206 2
81221 1
81227 1
81270 1
81285 2
81288 1
81311 1
81323 1
81328 1
81335 2
81344 2
81346 1
81360 1
81363 1
81374 2
81391 1
81402 2
81441 2
81453 2
81523 2
81573 1
81598 2
81610 2
81656 2
81658 2
81700 2
81701 2
81750 1
81752 1
81766 1
81795 1
81797 1
81804 2
81807 1
81813 2
81833 1
81865 1
81894 2
81906 2
81909 1
81928 2
81942 1
81948 2
81953 2
81959 1
81966 1
81977 1
81978 1
81995 1
82000 2
82008 1
82019 2
82032 1
82036 2
82037 1
82051 2
82069 2
82074 1
82104 2
82117 1
82135 2
82143 1
82165 1
82220 2
82231 2
82234 1
82270 1
82279 2
82291 2
82303 1
82325 1
82376 1
82395 2
82466 1
82521 2
82536 1
82550 2
82570 1
82599 2
82654 1
82655 2
82678 1
82703 2
82706 2
82760 1
82764 2
82804 1
82815 2
82819 1
82851 1
82858 1
82866 1
82901 1
82955 2
82966 2
82986 1
83053 2
83054 2
83056 2
83076 2
83147 2
83176 1
83201 1
83202 2
83234 1
83302 2
83357 2
83363 1
83399 1
83417 1
83419 2
83421 1
83423 2
83426 1
83438 2
83455 1
83493 2
83494 2
83505 1
83527 2
83535 2
83565 2
83580 1
83628 2
83642 2
83646 1
83661 2
83679 2
83683 1
83700 2
83706 1
83735 1
83745 2
83756 1
83795 2
83801 2
83803 2
83825 1
83830 2
83836 1
83845 1
83846 2
83852 1
83862 2
83864 2
83879 2
83882 1
83944 1
83961 2
83976 1
83978 2
84004 2
84017 1
84029 2
84062 1
84079 1
84096 1
84121 1
84132 2
84140 2
84171 2
84231 1
84237 2
84288 2
84326 1
84346 2
84384 2
84398 2
84434 2
84447 2
84477 2
84481 2
84542 1
84583 1
84605 1
84608 1
84614 2
84646 1
84662 1
84703 2
84807 2
84819 1
84837 1
84846 1
84850 1
84854 2
84860 2
84869 1
84870 1
84891 1
84894 1
84908 1
84935 1
84940 2
84941 2
84942 1
84958 1
84999 2
85004 2
85020 2
85034 1
85035 1
85083 2
85099 1
85100 2
85104 2
85125 1
85157 1
85191 2
85225 2
85246 2
85381 2
85383 2
85424 2
85455 1
85469 2
85471 2
85483 1
85531 2
85577 1
85718 2
85726 2
85729 1
85731 1
85752 2
85754 2
85870 2
85882 2
85898 2
85924 1
85929 2
85944 1
85948 2
85991 1
85995 1
86016 2
86025 2
86036 1
86039 1
86042 2
86045 1
86058 2
86063 2
86069 2
86098 2
86120 1
86129 2
86171 2
86195 2
86226 2
86227 1
86244 2
86268 2
86271 2
86276 2
86328 2
86332 2
86335 1
86367 1
86368 2
86375 2
86384 2
86424 2
86457 2
86520 1
86548 2
86551 1
86554 1
86557 2
86564 1
86567 2
86576 2
86681 1
86712 2
86738 1
86778 1
86825 2
86840 2
86857 2
86866 1
86902 1
86905 2
86924 2
86930 2
86948 1
86963 2
86978 1
87002 2
87016 2
87059 1
87070 2
87084 2
87117 1
87122 2
87127 2
87153 2
87197 1
87266 2
87305 1
87313 2
87333 2
87334 1
87339 2
87358 2
87444 1
87451 2
87464 1
87503 2
87515 2
87542 2
87543 2
87577 1
87613 2
87614 1
87622 1
87646 2
87653 2
87661 1
87686 2
87700 2
87709 2
87716 2
87721 1
87726 2
87747 1
87756 2
87765 2
87778 1
87917 2
87934 2
87984 2
88005 1
88096 2
88109 2
88113 1
88116 2
88117 2
88120 1
88123 1
88136 2
88157 2
88170 2
88178 2
88214 2
88247 2
88263 1
88290 1
88305 2
88342 1
88357 1
88370 2
88376 2
88405 2
88412 1
88479 2
88491 2
88493 2
88545 2
88579 2
88581 2
88605 2
88654 2
88660 2
88694 1
88730 1
88777 2
88778 2
88919 2
88921 2
88922 2
88942 1
88945 2
88955 2
89020 1
89058 2
89060 1
89077 2
89100 1
89112 1
89130 2
89133 1
89183 2
89200 2
89228 2
89236 2
89273 2
89341 2
89367 2
89368 2
89386 2
89455 2
89468 1
89490 1
89512 1
89520 2
89537 1
89595 2
89598 2
89621 2
89625 2
89627 2
89640 1
89690 2
89752 1
89755 2
89811 1
89830 1
89835 1
89849 2
89879 1
89971 2
89974 2
89987 2
90027 2
90040 2
90074 1
90078 2
90113 1
90118 2
90122 2
90125 2
90224 1
90238 2
90243 2
90254 2
90308 2
90312 2
90346 2
90432 1
90455 2
90465 2
90497 1
90509 1
90596 1
90622 1
90639 1
90653 2
90660 2
90745 1
90751 2
90829 2
90845 2
90862 2
90884 2
91003 2
91080 1
91114 2
91124 2
91147 1
91161 2
91165 1
91197 2
91207 1
91210 1
91247 2
91278 2
91314 2
91330 2
91333 2
91372 2
91373 2
91407 2
91448 2
91512 2
91529 2
91542 2
91546 2
91570 2
91672 1
91717 2
91729 2
91730 2
91734 2
91767 2
91785 2
91817 2
91845 2
91848 2
91867 2
91873 2
91919 1
91974 2
92017 1
92030 2
92036 2
92100 1
92136 2
92254 1
92277 2
92303 2
92459 2
92485 1
92505 1
92532 1
92556 2
92563 2
92612 2
92629 2
92640 2
92649 2
92732 2
92778 2
92821 2
92843 2
92880 2
92899 2
92924 2
92936 2
92944 2
92973 1
92975 2
92978 2
92983 2
92988 2
93005 1
93008 2
93031 2
93102 2
93123 2
93151 1
93225 2
93270 1
93339 2
93367 2
93380 2
93457 2
93462 2
93487 2
93531 1
93557 2
93588 2
93589 2
93607 2
93609 1
93613 2
93618 2
93754 2
93767 2
93908 2
93917 2
94087 1
94098 2
94122 2
94139 2
94149 2
94198 1
94205 2
94233 2
94289 2
94310 1
94315 2
94329 2
94360 2
94387 1
94421 2
94429 2
94432 2
94510 2
94587 2
94616 2
94649 2
94651 1
94689 2
94713 2
94803 1
94833 2
94875 2
94909 1
94956 2
94965 2
94989 2
95066 2
95141 1
95156 2
95199 2
95249 2
95329 2
95381 2
95383 1
95398 2
95412 2
95488 2
95537 1
95615 2
95637 2
95666 1
95707 2
95766 2
95806 2
95876 2
95926 2
95938 1
96017 2
96124 2
96193 2
96201 2
96223 2
96237 2
96257 2
96294 2
96432 1
96457 2
96515 2
96600 2
96616 1
96645 2
96747 2
96820 2
96858 2
96864 2
96897 2
96986 2
96994 1
97011 2
97121 2
97145 2
97147 1
97190 1
97203 2
97245 2
97263 2
97267 2
97339 2
97406 2
97474 2
97516 2
97625 2
97695 2
97771 2
97844 2
97870 1
97914 2
98022 2
98116 2
98173 1
98181 2
98190 2
98262 1
98272 2
98308 2
98402 2
98498 2
98502 1
98562 2
98590 2
98615 2
98642 2
98696 2
98715 2
98768 2
98852 2
98939 2
98942 2
98990 2
99012 2
99265 2
99366 2
99372 2
99418 1
99580 2
99916 2
99925 2
99981 2
