11 2
21 1
40 4
42 1
51 2
66 3
68 2
72 1
77 2
79 2
86 2
88 2
102 1
120 2
130 4
146 1
152 1
155 1
162 2
187 2
191 1
200 2
205 3
222 2
260 4
267 4
280 2
290 4
295 2
297 2
299 4
311 2
333 1
335 1
337 1
338 2
341 2
346 1
348 2
355 2
367 2
378 2
385 1
397 2
417 1
419 2
428 3
432 2
441 2
450 2
466 2
495 2
526 2
531 5
535 1
544 2
545 2
548 2
550 1
574 4
576 2
582 3
583 3
600 1
624 2
643 1
653 1
665 2
668 2
669 2
673 3
681 1
691 2
692 1
698 2
731 1
736 2
743 1
744 1
750 2
751 2
754 1
768 2
777 1
788 1
798 4
811 1
821 3
828 2
830 1
831 1
905 2
908 1
916 2
922 2
926 2
941 3
963 2
972 4
998 2
1002 4
1003 2
1010 2
1016 2
1035 2
1051 2
1069 2
1071 5
1078 1
1104 5
1106 4
1107 3
1110 3
1111 2
1124 3
1149 2
1175 3
1181 3
1186 2
1205 3
1214 2
1216 2
1235 2
1243 2
1244 3
1245 2
1263 4
1265 1
1266 2
1267 2
1268 1
1269 2
1273 1
1281 1
1298 3
1306 1
1310 2
1314 2
1320 1
1323 2
1331 2
1347 1
1360 2
1364 2
1365 2
1373 1
1377 2
1401 2
1402 2
1417 2
1420 1
1452 4
1472 1
1473 1
1476 1
1486 2
1503 1
1504 1
1506 1
1519 1
1534 2
1535 1
1547 2
1550 2
1566 2
1576 1
1589 2
1590 2
1592 2
1595 2
1602 1
1665 2
1678 1
1693 3
1702 2
1703 3
1708 2
1712 2
1714 2
1724 1
1740 2
1749 2
1767 1
1777 2
1782 2
1803 2
1804 1
1818 2
1832 1
1837 2
1845 2
1853 1
1863 3
1867 2
1880 2
1884 2
1932 2
1952 2
1992 1
1994 2
1995 2
1996 2
2012 2
2017 2
2031 2
2037 2
2050 2
2052 3
2055 2
2056 3
2114 3
2118 3
2134 2
2137 4
2146 3
2157 2
2180 2
2188 2
2189 3
2191 2
2192 2
2196 2
2199 3
2216 2
2226 3
2231 2
2245 4
2247 1
2248 3
2274 2
2292 2
2295 2
2297 2
2298 2
2301 3
2312 3
2318 2
2331 3
2332 2
2340 4
2341 5
2343 2
2345 4
2348 4
2351 2
2352 2
2364 1
2379 4
2385 2
2395 2
2419 2
2422 4
2444 4
2447 2
2450 2
2465 1
2468 2
2474 2
2502 2
2508 2
2512 1
2514 1
2532 2
2534 1
2538 2
2548 2
2557 3
2582 1
2588 2
2589 2
2600 2
2614 3
2648 2
2653 1
2654 2
2656 2
2659 2
2663 3
2664 1
2670 4
2671 1
2672 1
2676 2
2678 1
2680 1
2694 2
2696 2
2703 1
2708 2
2713 1
2716 1
2737 2
2738 2
2756 2
2765 1
2767 1
2777 2
2798 2
2805 2
2806 2
2810 1
2816 2
2837 2
2844 1
2846 2
2858 1
2877 2
2878 2
2880 1
2882 1
2887 1
2896 2
2905 2
2907 2
2921 1
2933 1
2940 2
2954 2
2963 2
2974 1
3000 2
3005 2
3006 1
3024 2
3032 2
3053 1
3055 1
3059 3
3081 2
3115 1
3136 2
3149 3
3178 1
3204 1
3205 2
3228 2
3245 1
3246 2
3247 2
3256 2
3286 1
3296 2
3299 1
3321 2
3322 2
3325 1
3338 1
3352 2
3363 2
3365 1
3374 2
3380 2
3419 2
3424 2
3426 3
3428 1
3438 1
3439 1
3441 2
3468 2
3482 4
3488 2
3536 2
3538 2
3555 1
3578 2
3613 2
3616 3
3634 2
3663 2
3669 2
3672 1
3686 2
3689 3
3690 1
3693 4
3703 1
3704 2
3708 2
3720 2
3721 3
3744 2
3756 2
3800 2
3823 3
3831 2
3832 1
3836 4
3837 1
3842 2
3844 3
3848 2
3864 2
3866 2
3882 2
3886 2
3891 1
3894 2
3903 2
3929 2
3950 3
3954 2
3961 3
3973 3
3988 2
4006 2
4034 2
4035 4
4038 2
4040 2
4067 2
4080 5
4087 2
4098 1
4103 2
4108 2
4110 4
4122 2
4128 3
4130 2
4134 1
4135 2
4136 3
4138 2
4163 2
4175 3
4176 3
4191 3
4195 2
4199 2
4202 4
4222 4
4228 3
4231 3
4237 2
4239 1
4247 3
4250 3
4252 2
4258 2
4282 4
4287 2
4305 2
4306 3
4330 2
4343 2
4344 2
4351 2
4372 2
4378 2
4387 4
4410 5
4421 2
4440 2
4442 1
4448 3
4451 3
4458 2
4471 2
4497 2
4502 3
4508 3
4525 2
4528 3
4531 4
4535 2
4537 4
4553 2
4556 2
4558 4
4559 5
4569 2
4571 2
4573 2
4584 3
4588 2
4614 2
4636 2
4654 3
4661 4
4665 5
4667 1
4680 2
4694 1
4699 3
4700 2
4710 2
4719 3
4721 3
4728 2
4729 2
4737 2
4751 2
4755 2
4770 3
4773 2
4778 4
4787 2
4802 4
4808 3
4818 4
4819 2
4832 1
4862 2
4864 3
4873 2
4895 2
4916 3
4917 4
4921 2
4925 2
4939 1
4946 2
4948 2
4958 2
4968 2
4969 2
4986 1
4989 3
5004 2
5006 1
5019 2
5022 2
5023 2
5025 2
5026 2
5036 1
5042 1
5055 2
5065 1
5069 2
5070 1
5079 2
5082 2
5083 1
5086 4
5092 2
5130 1
5140 1
5154 1
5159 1
5171 1
5180 2
5185 1
5187 2
5189 1
5198 2
5202 1
5204 2
5220 2
5221 1
5229 1
5261 1
5269 2
5276 1
5289 2
5298 2
5304 2
5314 3
5315 2
5327 1
5328 2
5329 3
5360 1
5365 1
5377 1
5390 1
5400 2
5426 1
5427 1
5430 2
5445 1
5446 2
5462 2
5465 1
5466 1
5472 2
5473 2
5492 1
5510 2
5519 2
5522 2
5538 1
5558 2
5560 1
5561 1
5567 1
5581 3
5585 1
5608 1
5624 1
5642 2
5648 2
5653 2
5655 1
5679 2
5688 1
5703 1
5715 2
5718 1
5726 2
5728 2
5729 1
5743 2
5744 2
5756 2
5778 2
5783 2
5789 3
5798 2
5799 3
5811 2
5815 1
5829 1
5830 2
5834 1
5846 2
5848 2
5853 1
5868 1
5869 1
5877 1
5886 1
5888 2
5907 1
5922 2
5935 3
5942 1
5949 2
5955 2
5957 2
5977 2
6001 1
6003 1
6014 2
6016 1
6028 2
6032 2
6048 2
6056 2
6066 2
6075 2
6129 1
6130 4
6131 1
6139 1
6162 2
6179 2
6236 2
6251 2
6260 1
6277 2
6287 1
6309 2
6312 2
6329 2
6343 2
6368 2
6377 3
6378 2
6385 2
6386 2
6412 2
6457 2
6464 2
6472 2
6475 1
6477 2
6482 3
6483 1
6486 2
6490 2
6492 2
6494 1
6497 2
6499 2
6501 2
6508 2
6517 2
6518 2
6521 2
6531 2
6533 3
6537 2
6576 1
6578 2
6609 2
6651 4
6663 2
6671 2
6684 2
6687 1
6704 3
6706 2
6707 2
6751 2
6753 2
6794 3
6801 2
6819 3
6822 1
6830 2
6836 1
6842 2
6867 1
6899 2
6914 2
6928 2
6929 2
6945 2
6993 1
6995 3
6996 1
6998 2
7035 2
7039 2
7040 3
7056 3
7064 2
7072 2
7105 2
7107 1
7124 2
7125 1
7140 2
7148 2
7151 5
7156 1
7164 2
7170 2
7174 2
7186 2
7193 2
7194 2
7214 4
7222 2
7224 2
7233 1
7243 1
7255 2
7260 1
7269 2
7274 2
7279 2
7294 2
7297 2
7317 2
7325 2
7338 1
7349 2
7351 2
7365 2
7391 3
7395 2
7437 2
7442 2
7447 3
7448 2
7452 1
7453 1
7472 3
7481 2
7502 2
7512 2
7514 3
7515 2
7529 2
7542 1
7544 2
7555 2
7572 2
7577 4
7586 2
7598 2
7601 2
7616 2
7617 2
7624 2
7629 3
7633 2
7640 2
7650 3
7688 3
7721 3
7730 2
7732 3
7735 1
7739 2
7760 2
7765 1
7766 1
7771 2
7786 2
7797 3
7800 2
7808 2
7811 2
7828 3
7866 2
7870 2
7876 2
7878 2
7882 1
7888 2
7901 4
7906 2
7907 2
7932 1
7937 2
7941 3
7947 2
7954 2
7966 2
7977 2
7981 4
7994 2
7996 5
8008 2
8009 2
8011 3
8032 2
8037 2
8052 2
8077 2
8078 4
8090 2
8098 2
8111 4
8113 3
8127 2
8130 2
8138 4
8150 3
8154 4
8160 1
8163 2
8165 4
8180 1
8181 2
8182 5
8198 2
8210 2
8245 4
8251 3
8266 2
8277 2
8296 3
8299 1
8311 1
8314 2
8317 2
8325 3
8328 1
8350 2
8355 4
8366 4
8374 2
8386 2
8390 2
8404 5
8436 2
8447 1
8450 3
8457 3
8461 2
8467 3
8472 2
8492 2
8502 1
8503 2
8517 2
8521 2
8526 4
8527 4
8531 2
8532 2
8538 1
8545 4
8546 4
8555 2
8565 2
8569 2
8582 2
8584 2
8588 3
8593 4
8606 2
8617 5
8618 2
8633 2
8642 2
8645 2
8648 4
8659 2
8660 2
8663 1
8668 2
8669 2
8676 3
8709 2
8718 2
8722 5
8725 1
8740 2
8746 4
8754 2
8758 2
8773 4
8777 2
8796 2
8800 2
8816 2
8823 2
8840 2
8845 2
8857 3
8872 2
8876 2
8893 3
8904 3
8905 1
8906 2
8911 4
8922 3
8929 4
8933 1
8935 2
8957 1
8964 3
8966 2
8968 2
8973 2
8976 2
8978 2
8988 4
8989 1
8994 2
9002 2
9018 2
9029 2
9042 3
9054 2
9060 4
9070 3
9081 2
9082 3
9102 1
9128 3
9131 2
9136 4
9137 2
9145 2
9152 2
9164 2
9166 2
9168 2
9176 2
9182 1
9187 5
9190 2
9195 2
9196 3
9216 2
9219 3
9233 3
9234 1
9244 1
9245 2
9246 4
9252 3
9255 3
9278 2
9291 1
9295 2
9300 2
9308 2
9313 4
9329 2
9341 3
9348 3
9355 5
9357 3
9361 4
9382 2
9384 2
9397 2
9435 4
9436 5
9457 1
9470 4
9477 2
9489 4
9534 5
9547 2
9562 2
9575 3
9589 4
9610 2
9612 4
9620 3
9635 2
9641 4
9656 2
9666 2
9669 2
9676 3
9687 2
9691 3
9698 4
9699 2
9702 3
9714 3
9719 2
9743 4
9762 2
9769 3
9781 2
9783 3
9789 2
9797 2
9824 2
9837 2
9853 2
9863 1
9870 1
9871 3
9874 1
9876 2
9911 1
9912 1
9929 2
9941 2
9945 1
9967 2
9968 2
9976 2
9987 2
9991 2
10007 1
10021 1
10026 2
10028 1
10037 2
10044 2
10048 2
10060 2
10068 1
10070 2
10081 1
10108 1
10115 1
10122 2
10123 2
10131 1
10134 2
10141 1
10150 2
10151 1
10155 2
10175 2
10189 3
10197 1
10203 1
10208 1
10211 3
10217 2
10227 2
10243 1
10248 2
10251 1
10253 2
10258 2
10276 1
10279 1
10283 3
10298 2
10299 2
10304 1
10310 2
10351 2
10353 1
10358 2
10361 2
10374 1
10378 1
10386 1
10389 1
10397 2
10402 1
10407 2
10414 1
10419 2
10429 2
10430 1
10435 1
10436 1
10437 2
10461 1
10463 2
10464 2
10468 1
10494 2
10503 2
10511 2
10518 1
10519 3
10541 1
10549 2
10551 1
10560 1
10575 2
10584 2
10593 2
10614 1
10628 1
10639 2
10650 2
10654 2
10660 2
10662 2
10669 4
10681 2
10684 1
10695 3
10701 2
10710 1
10713 1
10716 1
10725 2
10736 2
10737 2
10743 2
10745 1
10759 1
10764 1
10766 2
10770 1
10775 2
10786 2
10787 2
10801 2
10803 2
10804 2
10810 2
10817 2
10818 2
10856 1
10875 2
10881 2
10887 1
10889 2
10902 2
10905 2
10910 1
10914 1
10920 2
10922 1
10927 2
10930 3
10938 2
10940 2
10944 2
10946 1
10948 2
10949 2
10957 2
10965 2
10967 2
10992 2
10996 2
11020 1
11023 2
11024 2
11031 1
11036 2
11045 2
11053 2
11054 2
11059 1
11060 2
11066 3
11070 1
11079 2
11089 2
11090 2
11104 2
11107 1
11111 2
11117 1
11118 1
11119 2
11124 1
11130 2
11150 2
11151 1
11167 1
11168 1
11169 3
11189 2
11194 4
11215 2
11217 1
11233 2
11238 1
11239 2
11241 2
11243 1
11258 1
11274 2
11282 2
11292 2
11300 1
11321 2
11340 1
11350 2
11374 2
11390 1
11393 2
11404 2
11410 2
11415 1
11423 2
11426 1
11430 2
11480 1
11488 1
11490 2
11492 2
11497 2
11512 1
11517 3
11518 1
11519 1
11532 2
11537 2
11543 1
11556 2
11561 2
11562 4
11587 2
11589 2
11591 1
11601 1
11607 1
11609 2
11639 2
11647 2
11653 1
11663 2
11667 1
11703 1
11706 1
11736 1
11744 1
11751 2
11765 1
11772 2
11776 1
11777 2
11780 1
11785 1
11800 2
11802 2
11850 1
11852 2
11862 2
11883 1
11886 2
11891 2
11892 2
11898 2
11900 2
11903 2
11908 1
11935 2
11943 2
11944 2
11949 1
11951 1
11954 2
11970 2
11972 1
11976 2
12002 2
12016 2
12026 2
12036 2
12046 2
12047 2
12090 1
12093 1
12101 3
12102 3
12108 2
12135 3
12155 2
12161 1
12186 1
12203 1
12233 1
12247 1
12272 2
12297 1
12298 2
12303 2
12309 3
12310 1
12313 1
12320 2
12336 1
12340 2
12354 2
12357 2
12360 1
12371 1
12377 2
12386 2
12393 1
12396 1
12397 1
12399 2
12405 4
12423 1
12427 2
12438 1
12447 1
12487 2
12503 1
12508 2
12512 2
12519 1
12521 2
12529 2
12539 2
12550 2
12574 2
12579 2
12587 2
12589 1
12591 3
12600 2
12620 2
12630 2
12634 3
12658 2
12673 1
12679 1
12690 2
12713 2
12718 2
12727 1
12729 2
12760 2
12765 2
12768 2
12785 2
12789 2
12814 2
12834 2
12835 1
12843 1
12846 2
12862 2
12864 3
12873 2
12889 1
12948 2
12955 3
12959 2
12968 2
12979 2
12996 4
13006 1
13026 1
13031 1
13033 2
13044 1
13049 3
13057 2
13061 2
13062 1
13073 1
13088 3
13092 3
13112 2
13119 1
13122 2
13140 2
13144 2
13153 2
13159 3
13160 2
13161 2
13163 2
13165 2
13181 3
13193 2
13215 1
13222 1
13224 2
13235 2
13274 2
13282 1
13283 2
13288 2
13289 2
13290 3
13313 2
13321 1
13329 2
13341 2
13364 1
13373 1
13378 3
13399 2
13401 2
13403 1
13407 2
13411 2
13417 1
13465 2
13478 1
13483 2
13487 2
13493 1
13502 1
13505 2
13512 2
13514 2
13516 2
13517 3
13541 3
13542 2
13557 2
13569 2
13570 2
13575 3
13578 2
13581 1
13610 2
13618 4
13626 2
13629 1
13635 2
13641 2
13648 2
13661 2
13665 2
13668 2
13681 2
13684 2
13690 2
13702 2
13719 2
13726 2
13736 3
13747 1
13754 2
13780 1
13784 2
13792 2
13798 2
13813 2
13827 2
13832 2
13835 2
13845 1
13849 2
13858 2
13864 1
13878 3
13882 2
13890 2
13901 2
13912 2
13930 2
13945 2
13951 2
13976 1
13983 2
13990 2
13995 1
14008 2
14015 2
14016 1
14029 1
14030 2
14051 2
14089 2
14110 2
14117 2
14162 4
14205 2
14218 2
14231 2
14241 1
14246 1
14248 2
14249 2
14267 3
14268 2
14280 2
14281 2
14301 2
14307 3
14311 3
14336 2
14337 2
14344 2
14355 2
14374 3
14387 2
14393 3
14404 2
14415 2
14439 2
14453 2
14456 4
14464 2
14465 3
14480 2
14484 2
14488 2
14523 2
14524 2
14529 1
14534 2
14538 2
14575 2
14577 2
14609 2
14620 1
14624 2
14625 1
14627 3
14628 2
14652 2
14661 2
14689 2
14703 3
14704 3
14716 2
14720 1
14721 2
14759 2
14760 2
14782 2
14786 4
14803 1
14810 2
14817 2
14843 2
14862 1
14864 1
14884 2
14907 2
14922 2
14923 3
14945 2
14957 3
14960 2
14962 3
14964 2
14965 1
14974 1
14979 4
14994 2
15023 2
15025 2
15077 2
15081 2
15087 2
15093 2
15110 2
15124 1
15127 1
15135 1
15153 4
15173 2
15181 2
15207 2
15209 2
15220 2
15226 3
15229 3
15235 3
15250 3
15251 2
15252 2
15271 2
15276 1
15292 2
15293 2
15295 2
15297 3
15301 2
15306 2
15321 1
15330 2
15335 2
15339 4
15355 2
15372 2
15388 3
15463 4
15466 2
15468 2
15475 2
15487 2
15488 1
15491 2
15497 2
15502 2
15506 2
15508 2
15511 2
15512 2
15521 2
15553 2
15572 2
15620 2
15621 2
15631 2
15695 2
15700 2
15714 4
15715 2
15717 2
15722 3
15726 2
15729 2
15736 2
15751 2
15759 4
15763 2
15775 1
15788 2
15790 2
15808 2
15813 2
15820 2
15821 3
15822 1
15834 2
15836 3
15839 3
15845 2
15859 2
15865 3
15868 2
15881 3
15893 3
15903 2
15908 3
15915 3
15934 2
15944 1
15954 1
15971 4
15978 2
15980 2
16009 3
16027 2
16031 2
16038 4
16066 2
16069 2
16081 6
16085 1
16094 2
16104 4
16122 2
16126 2
16128 2
16139 2
16141 2
16163 2
16168 2
16179 2
16183 2
16195 4
16202 3
16204 3
16216 2
16220 2
16224 2
16231 2
16235 2
16242 2
16246 3
16253 2
16256 4
16259 2
16278 2
16309 3
16313 3
16323 2
16324 2
16333 2
16358 2
16360 2
16365 4
16374 4
16383 4
16384 3
16403 2
16437 4
16456 3
16474 2
16478 2
16487 2
16488 2
16502 3
16507 3
16508 2
16526 1
16530 1
16537 2
16546 2
16552 2
16559 3
16560 1
16565 2
16577 2
16583 2
16589 4
16591 2
16592 3
16595 2
16614 2
16621 5
16630 2
16639 2
16644 2
16661 2
16687 2
16693 2
16694 2
16723 4
16725 4
16763 3
16775 2
16781 3
16785 3
16787 1
16803 1
16811 3
16822 2
16833 2
16835 3
16848 4
16850 2
16868 1
16895 2
16903 3
16906 3
16913 3
16917 2
16935 2
16938 2
16944 2
16950 2
16958 2
16960 4
16964 2
16966 2
16969 2
16996 2
17006 3
17024 2
17026 2
17028 3
17073 2
17075 2
17081 2
17087 2
17096 2
17097 2
17105 2
17126 2
17131 2
17147 2
17155 2
17170 2
17185 4
17186 3
17188 2
17193 3
17268 2
17269 2
17293 3
17302 1
17303 2
17314 4
17316 2
17342 4
17343 2
17361 2
17368 2
17369 3
17403 2
17408 2
17412 4
17420 5
17434 2
17454 3
17462 2
17468 4
17484 2
17488 4
17489 2
17495 3
17500 2
17504 2
17523 2
17527 2
17528 2
17531 2
17535 4
17539 2
17561 2
17593 5
17605 3
17606 2
17613 5
17636 5
17661 3
17674 2
17689 4
17718 4
17778 2
17790 1
17794 2
17805 2
17810 2
17819 2
17827 2
17832 2
17839 2
17847 2
17849 2
17853 2
17856 2
17858 2
17859 3
17861 2
17866 2
17908 2
17920 2
17930 2
17934 2
17939 1
17953 1
17955 2
17970 2
17972 2
17973 4
17982 4
17996 2
17998 4
18009 2
18013 2
18017 3
18020 4
18044 2
18057 3
18059 4
18062 2
18075 2
18080 2
18088 2
18098 3
18105 2
18126 3
18154 3
18160 2
18167 3
18176 4
18182 2
18186 5
18187 2
18204 2
18227 2
18267 3
18274 2
18280 2
18285 3
18286 3
18302 4
18312 2
18356 2
18371 2
18374 5
18383 3
18388 2
18397 3
18411 4
18415 4
18416 2
18435 2
18449 1
18451 2
18466 4
18476 2
18483 1
18484 3
18504 4
18507 2
18513 3
18525 5
18529 3
18533 4
18538 2
18547 3
18554 2
18566 2
18569 5
18575 2
18585 1
18602 2
18609 2
18610 2
18615 2
18647 4
18654 2
18663 3
18670 2
18676 3
18687 5
18689 2
18697 3
18698 4
18735 2
18753 1
18773 4
18785 3
18800 2
18819 2
18839 2
18841 2
18875 1
18898 2
18903 2
18914 2
18949 2
18952 4
18960 3
18964 5
18983 2
18984 2
18987 3
18990 2
18996 1
19015 2
19016 1
19017 4
19030 2
19031 2
19033 3
19048 2
19066 2
19067 2
19073 3
19089 3
19122 1
19125 2
19142 2
19143 2
19144 2
19147 4
19160 1
19169 4
19173 2
19174 4
19186 3
19188 2
19193 2
19200 2
19211 2
19212 5
19227 2
19230 2
19233 2
19234 2
19261 5
19266 2
19274 4
19278 2
19285 5
19288 2
19296 2
19298 1
19299 3
19300 4
19304 4
19322 3
19326 2
19330 2
19358 2
19364 3
19394 4
19421 5
19423 2
19427 2
19428 5
19435 2
19445 5
19448 4
19456 2
19457 5
19468 3
19470 3
19472 1
19476 3
19481 4
19482 5
19484 4
19495 4
19500 2
19513 1
19538 4
19544 2
19545 3
19548 2
19549 2
19565 4
19574 2
19579 3
19584 1
19586 2
19590 2
19591 2
19628 5
19629 2
19644 4
19654 1
19660 3
19661 4
19671 2
19684 4
19687 1
19694 3
19701 3
19710 4
19716 2
19728 3
19736 5
19756 1
19762 1
19767 3
19775 1
19814 1
19817 2
19833 1
19848 2
19853 2
19856 2
19858 1
19874 2
19878 1
19897 1
19901 1
19908 1
19919 1
19923 2
19940 1
19965 2
19966 2
19969 2
19982 2
19985 2
19996 1
20018 1
20022 1
20023 1
20040 3
20049 1
20050 1
20053 2
20061 1
20067 1
20068 1
20081 1
20084 2
20093 2
20104 2
20108 1
20120 1
20122 2
20128 1
20141 1
20143 2
20144 2
20149 1
20154 2
20157 1
20159 1
20160 1
20166 2
20167 2
20185 2
20189 2
20191 1
20201 2
20217 1
20218 1
20219 2
20222 1
20247 1
20248 2
20258 1
20265 1
20283 1
20292 1
20300 2
20320 2
20336 1
20340 2
20349 2
20351 1
20361 1
20362 2
20376 1
20383 2
20395 2
20400 2
20404 1
20409 2
20415 2
20417 2
20418 2
20422 2
20426 2
20449 2
20483 2
20491 2
20499 1
20514 2
20515 1
20523 1
20539 2
20555 2
20562 2
20567 3
20568 2
20579 1
20580 1
20581 3
20583 2
20604 1
20613 2
20614 2
20616 1
20661 2
20668 1
20670 1
20686 1
20734 1
20756 2
20772 1
20785 2
20792 1
20805 2
20822 1
20824 1
20841 1
20842 2
20846 2
20847 2
20850 1
20859 1
20866 2
20868 2
20872 2
20874 2
20879 2
20881 2
20885 1
20895 1
20896 1
20899 1
20906 1
20907 3
20909 1
20912 1
20915 1
20916 1
20920 2
20943 1
20944 1
20954 2
20974 1
20985 2
20986 2
20988 2
20999 2
21016 1
21020 2
21064 1
21073 2
21074 2
21076 1
21085 1
21088 1
21099 2
21110 2
21118 2
21130 2
21135 2
21136 2
21141 3
21169 2
21198 2
21204 2
21210 2
21222 1
21224 2
21226 2
21242 1
21249 2
21258 1
21259 1
21274 2
21281 2
21293 2
21294 2
21296 2
21299 1
21301 2
21302 1
21313 1
21314 1
21317 2
21318 2
21320 2
21321 2
21335 2
21355 2
21356 2
21364 2
21365 1
21374 2
21386 2
21393 2
21394 2
21401 2
21402 1
21403 2
21420 1
21423 2
21428 1
21436 2
21445 2
21449 1
21460 1
21481 2
21496 1
21499 2
21509 2
21514 1
21515 2
21527 2
21533 2
21553 1
21564 2
21586 1
21601 1
21602 2
21610 2
21613 2
21617 1
21620 2
21629 2
21635 1
21636 1
21638 1
21641 1
21642 2
21657 1
21659 1
21669 2
21672 2
21673 1
21685 2
21686 2
21696 2
21712 2
21717 2
21722 3
21723 2
21727 1
21729 1
21737 1
21738 1
21740 2
21745 2
21757 2
21770 2
21782 1
21784 2
21787 2
21796 1
21800 1
21804 1
21807 1
21812 1
21826 1
21834 2
21837 1
21852 1
21884 2
21892 1
21922 1
21928 1
21933 2
21934 4
21937 5
21942 1
21958 2
21960 1
21963 2
21985 2
21988 1
21989 1
21996 1
22000 2
22002 2
22016 1
22047 2
22066 1
22071 1
22074 1
22080 1
22084 1
22087 2
22092 1
22102 1
22103 2
22105 1
22109 1
22112 2
22121 1
22123 2
22129 1
22130 1
22144 4
22171 2
22176 3
22184 1
22187 2
22209 1
22211 2
22230 1
22243 1
22253 2
22261 2
22262 2
22264 2
22279 2
22286 2
22294 1
22295 1
22302 2
22319 3
22322 2
22338 1
22342 2
22360 1
22367 1
22368 2
22371 1
22381 2
22389 2
22392 1
22394 1
22408 2
22419 2
22422 1
22427 2
22431 1
22442 1
22452 1
22454 2
22469 2
22470 1
22471 1
22480 2
22489 2
22492 2
22501 1
22520 1
22530 1
22539 1
22541 1
22548 2
22558 2
22566 2
22572 1
22574 2
22638 2
22646 1
22650 3
22661 1
22668 2
22686 1
22692 2
22693 1
22703 4
22706 2
22714 2
22717 1
22754 5
22775 1
22783 2
22799 4
22804 2
22809 1
22811 1
22815 2
22826 2
22830 1
22842 1
22847 2
22863 1
22871 1
22879 2
22881 2
22882 2
22889 3
22906 2
22910 2
22913 2
22914 2
22916 1
22921 2
22948 2
22949 1
22958 1
22960 1
22961 2
22978 3
22983 2
22988 1
22998 2
22999 2
23007 1
23018 1
23023 2
23036 1
23038 1
23051 1
23055 2
23062 2
23073 2
23075 2
23077 2
23084 1
23115 4
23117 2
23136 1
23143 2
23153 2
23156 2
23168 1
23171 2
23181 2
23196 2
23199 3
23212 1
23215 2
23266 1
23269 2
23289 2
23311 2
23324 1
23325 2
23339 2
23343 2
23346 2
23354 2
23403 2
23408 1
23410 1
23414 1
23416 1
23418 1
23423 2
23429 2
23442 1
23465 2
23466 2
23476 1
23478 1
23483 1
23491 2
23509 4
23510 2
23549 2
23559 1
23570 2
23576 2
23592 1
23600 1
23603 1
23604 2
23616 1
23617 1
23621 1
23624 2
23637 1
23642 2
23672 1
23676 2
23688 2
23699 2
23700 3
23707 2
23715 2
23727 2
23732 1
23751 1
23758 2
23762 2
23786 2
23788 2
23798 2
23811 2
23820 1
23827 2
23847 2
23856 2
23860 1
23873 2
23875 1
23890 2
23891 2
23896 3
23907 1
23909 2
23914 1
23935 1
23939 2
23940 1
23943 2
23948 1
23958 2
23975 2
24005 2
24035 3
24045 2
24051 2
24060 2
24081 1
24085 2
24104 2
24116 1
24119 1
24128 1
24133 3
24138 1
24146 2
24178 2
24200 1
24208 2
24222 2
24228 1
24251 1
24252 2
24270 1
24271 2
24303 2
24310 4
24312 1
24318 1
24320 1
24335 1
24336 2
24357 1
24372 2
24385 1
24409 2
24411 3
24414 2
24415 2
24420 2
24431 2
24453 1
24457 1
24464 1
24474 1
24475 2
24485 2
24495 1
24500 1
24501 3
24505 1
24514 2
24529 2
24532 1
24534 1
24558 1
24563 2
24589 2
24595 2
24617 1
24623 2
24626 3
24631 2
24651 3
24671 2
24673 1
24681 2
24699 2
24700 2
24708 2
24711 2
24716 2
24733 2
24735 2
24741 2
24745 1
24747 2
24753 2
24755 2
24761 2
24766 2
24769 1
24776 1
24785 3
24791 2
24814 1
24825 1
24826 2
24862 1
24888 2
24896 2
24897 1
24909 2
24910 1
24923 2
24925 2
24934 2
24941 2
24942 1
24948 1
24951 2
24969 2
24980 2
25000 1
25007 2
25024 2
25040 2
25052 3
25056 2
25061 4
25069 3
25073 2
25078 1
25084 2
25100 2
25106 2
25118 2
25124 2
25125 1
25135 1
25157 3
25172 2
25174 1
25175 2
25179 3
25182 2
25221 2
25243 2
25246 1
25262 1
25271 2
25283 2
25292 2
25305 2
25309 2
25310 2
25313 2
25325 4
25328 2
25332 2
25345 2
25363 2
25370 2
25377 4
25379 2
25405 2
25427 4
25431 2
25450 1
25487 3
25508 2
25511 1
25517 2
25528 1
25542 1
25554 2
25579 1
25583 1
25606 2
25611 3
25619 1
25632 2
25650 2
25654 2
25663 3
25673 2
25679 1
25680 1
25690 2
25692 2
25704 3
25710 2
25713 2
25714 2
25756 2
25761 2
25762 2
25766 3
25771 2
25778 2
25779 2
25799 1
25816 2
25817 1
25865 2
25901 2
25925 2
25942 2
25944 2
25959 2
25960 2
25972 4
25978 2
25980 3
25983 1
26000 1
26009 1
26010 2
26038 2
26044 3
26076 1
26077 3
26081 2
26088 2
26095 2
26096 2
26109 2
26116 2
26128 1
26132 3
26136 1
26145 2
26156 1
26192 2
26198 1
26201 2
26217 2
26231 2
26261 2
26274 4
26282 2
26284 2
26304 2
26314 1
26326 2
26335 3
26338 2
26356 2
26357 2
26371 3
26373 2
26379 2
26391 1
26394 1
26400 2
26405 2
26411 2
26426 2
26427 1
26432 2
26446 1
26457 1
26470 2
26476 1
26486 2
26491 2
26500 3
26523 2
26527 1
26543 1
26563 2
26578 1
26581 2
26584 2
26602 2
26617 1
26630 1
26640 1
26664 2
26677 1
26684 2
26698 1
26713 2
26716 4
26719 2
26724 2
26745 5
26747 2
26750 2
26755 1
26766 1
26793 2
26800 1
26813 2
26820 3
26825 2
26842 2
26852 2
26862 1
26863 2
26867 1
26904 4
26911 2
26915 1
26917 3
26921 1
26926 2
26931 2
26942 2
26947 2
26964 3
26972 2
26973 1
26975 2
26976 1
26987 2
26998 2
27005 4
27029 2
27040 2
27042 2
27046 2
27075 1
27084 2
27095 2
27100 2
27107 2
27113 2
27115 3
27119 2
27129 1
27135 1
27154 2
27162 1
27178 2
27183 2
27204 2
27226 1
27243 3
27254 2
27270 2
27271 2
27273 2
27280 3
27284 2
27289 2
27292 2
27295 2
27310 3
27315 2
27317 1
27323 1
27331 2
27334 2
27336 1
27360 3
27362 1
27384 1
27391 1
27393 2
27401 2
27419 1
27448 3
27462 1
27494 2
27529 1
27546 2
27548 2
27549 2
27584 2
27589 1
27596 2
27602 2
27616 2
27623 2
27662 1
27663 2
27682 2
27697 3
27699 2
27721 2
27725 2
27727 2
27759 2
27770 1
27783 2
27798 4
27800 2
27804 2
27809 2
27817 2
27823 2
27828 2
27830 1
27833 2
27859 2
27860 2
27892 2
27898 2
27905 1
27928 2
27931 3
27952 2
27954 2
27966 2
27969 1
27975 2
27992 2
28015 3
28029 1
28040 2
28061 2
28073 3
28081 2
28088 2
28094 2
28097 2
28110 1
28114 2
28131 2
28139 1
28162 2
28166 3
28171 1
28175 1
28177 2
28188 2
28199 3
28212 2
28223 2
28230 4
28239 2
28254 1
28257 2
28260 2
28268 2
28269 2
28271 2
28272 2
28282 1
28302 2
28307 1
28311 1
28322 1
28330 3
28334 2
28335 2
28336 1
28338 2
28343 2
28346 1
28350 1
28359 2
28360 2
28362 2
28373 1
28390 2
28396 2
28401 2
28411 1
28423 2
28426 2
28428 2
28434 1
28452 2
28454 2
28459 2
28464 2
28479 4
28481 1
28500 2
28507 2
28511 3
28557 3
28565 2
28575 2
28578 2
28635 2
28642 2
28646 4
28647 2
28663 1
28666 2
28668 2
28693 2
28721 3
28724 2
28727 2
28728 2
28745 2
28771 1
28778 2
28796 2
28804 2
28809 2
28875 2
28882 2
28892 2
28911 2
28959 2
28980 2
28986 2
28990 1
28992 4
28999 2
29005 3
29009 4
29044 1
29054 2
29057 2
29069 3
29076 1
29082 2
29097 4
29112 3
29123 2
29130 3
29134 2
29136 2
29144 2
29182 2
29184 2
29195 2
29197 2
29198 3
29209 2
29225 2
29239 1
29243 2
29249 1
29254 2
29261 2
29262 1
29270 2
29271 2
29272 2
29276 3
29278 1
29295 2
29299 1
29310 3
29321 3
29322 1
29350 2
29354 3
29356 2
29358 2
29364 1
29370 1
29371 2
29375 2
29383 2
29392 3
29413 2
29428 2
29437 2
29462 2
29476 1
29491 2
29506 2
29528 1
29530 2
29558 2
29560 2
29565 2
29575 3
29577 2
29593 2
29639 3
29656 2
29681 3
29692 2
29708 2
29711 1
29772 2
29798 2
29814 2
29820 2
29865 4
29867 4
29879 4
29915 2
29944 2
29945 2
29946 2
29969 1
29974 2
29976 2
29977 2
29978 2
29980 1
29981 2
29992 2
29996 4
30003 2
30011 2
30013 2
30022 2
30027 2
30030 2
30041 1
30057 2
30079 2
30094 3
30097 2
30099 2
30104 2
30116 1
30131 2
30134 2
30166 2
30167 3
30176 3
30185 2
30186 2
30200 3
30205 4
30219 2
30228 2
30235 3
30250 2
30262 3
30264 4
30271 1
30288 1
30293 4
30308 1
30316 1
30318 1
30335 2
30351 2
30361 1
30369 1
30388 2
30401 3
30444 2
30449 1
30451 2
30458 2
30459 2
30462 2
30463 3
30468 1
30478 2
30486 4
30526 3
30544 2
30548 2
30551 3
30582 3
30623 3
30630 2
30635 2
30643 3
30660 2
30682 2
30697 1
30698 3
30700 2
30733 2
30737 2
30738 3
30747 2
30750 6
30761 2
30775 1
30779 2
30811 3
30830 2
30834 2
30880 3
30882 1
30885 2
30890 2
30905 2
30913 2
30928 2
30942 2
30956 3
30979 2
30993 5
31008 2
31016 2
31018 2
31023 3
31031 2
31042 1
31059 3
31062 2
31074 2
31076 4
31087 2
31088 4
31110 3
31115 2
31124 2
31127 1
31133 2
31146 2
31153 2
31159 3
31181 2
31188 2
31195 2
31196 2
31198 2
31206 2
31223 2
31237 2
31245 1
31253 2
31257 2
31258 1
31262 2
31270 1
31278 2
31280 2
31287 1
31294 2
31305 2
31320 2
31354 2
31358 3
31363 3
31366 2
31368 2
31391 2
31403 2
31404 2
31424 2
31465 1
31474 4
31484 2
31485 2
31487 2
31491 3
31514 2
31530 2
31536 3
31541 2
31542 2
31546 2
31547 3
31549 2
31567 2
31572 2
31581 2
31582 2
31593 2
31601 2
31607 3
31614 2
31616 2
31624 4
31626 3
31632 2
31680 4
31687 3
31689 1
31703 3
31705 2
31707 3
31717 2
31720 3
31721 2
31724 2
31739 2
31751 2
31754 2
31755 5
31763 1
31773 2
31777 2
31787 2
31789 2
31837 2
31841 2
31861 4
31886 2
31905 3
31912 2
31926 4
31948 2
31959 2
31963 2
31964 2
31967 1
31980 3
31991 2
31999 2
32009 4
32016 2
32017 3
32030 2
32058 2
32081 3
32084 1
32093 5
32096 2
32104 2
32126 2
32141 1
32148 2
32165 4
32174 2
32177 1
32178 4
32207 2
32208 5
32220 2
32257 2
32281 4
32292 3
32293 1
32305 4
32321 2
32327 2
32328 2
32334 2
32335 1
32344 2
32357 2
32365 1
32367 1
32378 2
32386 1
32406 2
32408 2
32414 3
32416 2
32419 1
32435 5
32483 2
32488 2
32491 2
32512 2
32513 2
32515 2
32517 2
32519 1
32539 2
32541 2
32546 2
32547 2
32550 4
32554 1
32562 2
32580 2
32587 2
32604 2
32612 2
32614 4
32621 2
32636 2
32653 3
32654 2
32661 2
32703 4
32737 4
32756 2
32757 3
32771 2
32774 4
32780 2
32791 2
32814 2
32859 2
32872 2
32887 1
32891 2
32894 2
32907 2
32911 2
32922 2
32936 2
32970 2
32973 2
32975 2
32976 2
32977 2
32979 2
32982 3
32987 2
33017 2
33027 4
33029 3
33036 4
33038 2
33045 4
33049 4
33062 4
33067 2
33088 4
33095 2
33096 4
33101 2
33107 1
33117 2
33121 3
33123 2
33128 2
33147 2
33172 3
33186 2
33231 2
33232 5
33233 2
33234 2
33236 2
33240 2
33243 4
33244 3
33245 2
33259 2
33262 2
33272 4
33291 4
33297 2
33299 2
33304 2
33308 2
33324 2
33338 3
33350 2
33351 2
33361 2
33398 4
33404 2
33406 2
33439 3
33441 1
33442 1
33443 2
33444 5
33456 2
33463 2
33467 5
33472 2
33474 2
33478 2
33483 2
33493 1
33497 5
33498 2
33504 2
33513 2
33540 2
33541 1
33571 4
33589 1
33601 2
33610 2
33616 2
33617 3
33641 2
33645 1
33646 2
33650 2
33667 2
33685 1
33686 2
33697 2
33720 1
33728 4
33729 2
33743 2
33749 2
33759 2
33772 2
33777 2
33782 2
33784 1
33785 3
33789 2
33792 2
33804 3
33809 1
33818 2
33835 2
33836 2
33840 2
33846 4
33850 2
33863 3
33866 2
33868 3
33870 2
33885 2
33906 2
33917 2
33919 2
33920 2
33930 1
33949 3
33969 3
33974 1
33986 2
33992 1
34004 3
34036 2
34037 2
34040 4
34077 2
34102 3
34124 1
34128 5
34133 2
34134 1
34141 2
34190 2
34204 2
34205 2
34222 2
34227 4
34229 1
34235 2
34241 2
34246 2
34247 2
34254 3
34260 2
34264 2
34273 2
34274 2
34318 2
34341 2
34345 3
34351 2
34353 2
34360 2
34380 3
34385 2
34387 2
34396 2
34407 2
34411 3
34416 2
34420 3
34436 4
34438 2
34444 2
34455 4
34460 2
34478 3
34495 4
34506 2
34523 4
34548 3
34552 1
34587 3
34591 2
34631 3
34634 3
34635 3
34657 4
34685 2
34703 2
34708 2
34725 2
34727 2
34730 1
34734 4
34745 2
34754 4
34773 2
34779 2
34786 2
34789 3
34790 2
34792 2
34804 2
34815 2
34820 2
34869 2
34878 2
34886 2
34891 2
34892 2
34903 4
34909 3
34919 6
34922 2
34935 3
34959 2
34976 2
34991 4
35046 2
35048 2
35053 4
35068 2
35070 2
35075 2
35088 3
35089 2
35109 3
35124 3
35131 2
35142 1
35166 3
35169 2
35201 4
35213 4
35218 3
35235 5
35238 4
35244 2
35247 2
35252 2
35277 4
35289 4
35295 2
35301 2
35319 2
35320 2
35329 2
35335 2
35339 2
35358 2
35362 3
35363 2
35384 2
35397 4
35413 2
35424 2
35431 2
35432 2
35442 4
35450 3
35463 3
35467 4
35471 2
35475 2
35491 5
35523 2
35525 2
35536 2
35539 1
35573 1
35584 2
35586 2
35590 2
35594 2
35600 3
35612 2
35625 4
35636 4
35652 2
35661 2
35662 3
35670 3
35671 5
35674 2
35676 2
35684 2
35707 3
35713 4
35717 4
35719 2
35734 2
35766 2
35771 2
35779 2
35786 2
35799 2
35806 3
35817 2
35818 3
35831 2
35838 2
35842 2
35847 2
35853 4
35862 3
35865 4
35866 2
35887 2
35888 3
35906 2
35914 4
35927 1
35937 2
35945 2
35950 2
35954 2
35958 2
35971 2
35995 2
36000 3
36002 2
36023 4
36049 3
36050 2
36068 2
36075 4
36079 1
36083 2
36087 3
36092 2
36094 3
36108 1
36132 4
36133 1
36144 4
36153 3
36164 4
36175 5
36177 2
36179 2
36183 4
36186 2
36196 2
36203 2
36204 3
36207 4
36210 2
36239 2
36244 4
36247 2
36254 4
36257 3
36260 2
36273 4
36281 2
36288 2
36306 2
36323 4
36326 4
36329 4
36330 3
36336 5
36351 3
36353 3
36357 3
36361 3
36366 2
36373 2
36389 2
36398 2
36402 2
36403 2
36410 2
36411 4
36418 2
36439 2
36465 2
36471 2
36474 4
36475 2
36492 3
36493 1
36494 2
36498 2
36502 3
36503 4
36506 2
36509 3
36521 2
36524 2
36545 2
36547 3
36549 2
36577 2
36582 4
36585 3
36593 2
36606 3
36621 3
36629 2
36635 3
36665 2
36669 2
36684 5
36688 2
36690 2
36691 4
36704 2
36719 2
36723 4
36734 3
36735 2
36739 3
36740 3
36742 2
36747 1
36759 2
36760 4
36765 3
36771 2
36789 3
36791 2
36795 3
36811 2
36818 2
36821 2
36822 2
36823 4
36834 4
36844 1
36879 2
36880 2
36886 3
36891 4
36894 5
36898 3
36902 2
36906 4
36912 2
36919 2
36920 4
36922 4
36932 3
36933 2
36941 2
36962 5
36967 2
36976 2
36980 4
36986 4
36996 3
37004 2
37024 2
37050 2
37069 4
37071 2
37092 2
37093 2
37098 4
37100 3
37101 2
37104 4
37105 4
37118 2
37119 4
37125 1
37130 4
37139 1
37141 2
37142 2
37145 2
37152 2
37153 3
37165 2
37185 4
37196 2
37204 3
37208 2
37216 2
37222 4
37228 5
37229 2
37249 2
37258 5
37282 2
37293 2
37328 2
37331 2
37358 2
37363 3
37364 2
37365 1
37367 3
37375 2
37379 3
37384 4
37399 2
37405 2
37415 3
37419 1
37421 2
37425 2
37435 2
37438 2
37441 4
37444 2
37457 1
37462 1
37466 2
37474 4
37475 2
37482 4
37485 2
37493 2
37521 2
37529 2
37534 2
37552 2
37564 2
37580 4
37584 1
37585 4
37587 2
37595 1
37598 3
37607 2
37609 2
37615 2
37619 3
37621 4
37624 4
37627 4
37631 4
37654 2
37666 4
37671 2
37679 3
37708 2
37724 4
37754 2
37758 2
37762 3
37773 2
37782 3
37818 1
37824 2
37830 2
37839 4
37843 2
37845 5
37850 2
37869 3
37877 5
37879 2
37891 4
37897 3
37913 2
37918 2
37926 3
37930 2
37932 4
37955 2
37963 5
37969 2
37971 3
37978 4
38004 4
38005 1
38008 1
38013 2
38018 3
38025 3
38030 2
38044 5
38063 2
38067 2
38084 2
38098 3
38132 2
38133 2
38134 5
38153 2
38154 2
38158 5
38172 2
38177 5
38185 4
38188 2
38191 2
38201 4
38207 3
38209 2
38216 2
38219 2
38230 4
38243 1
38245 2
38248 2
38249 3
38256 3
38273 4
38277 3
38279 2
38282 4
38285 2
38289 4
38294 3
38307 2
38312 2
38320 2
38321 2
38322 4
38329 2
38330 4
38351 2
38356 2
38363 4
38366 2
38377 3
38386 1
38407 3
38411 2
38416 2
38420 2
38423 3
38426 2
38429 2
38439 4
38446 4
38450 4
38451 2
38459 2
38474 2
38482 2
38488 4
38489 4
38493 2
38498 2
38509 2
38511 4
38526 4
38549 4
38551 2
38561 4
38569 2
38571 2
38574 2
38580 2
38587 5
38589 3
38592 4
38605 2
38610 3
38612 2
38673 2
38678 5
38680 3
38693 2
38708 3
38709 3
38710 2
38713 3
38715 2
38728 4
38743 4
38766 2
38769 4
38780 2
38783 2
38784 2
38795 4
38807 3
38809 2
38810 4
38811 2
38823 4
38846 2
38848 2
38907 3
38912 1
38913 4
38923 2
38936 5
38948 2
38958 2
38966 3
38969 2
38972 6
38977 4
38982 4
38983 2
38988 2
38991 2
38998 2
39005 3
39011 2
39030 2
39038 2
39039 4
39050 4
39070 1
39073 4
39074 2
39086 1
39087 2
39091 2
39098 1
39099 1
39108 3
39126 2
39138 2
39163 2
39170 2
39171 1
39172 1
39178 1
39190 2
39194 2
39209 2
39216 1
39221 1
39222 2
39241 2
39244 3
39245 1
39259 1
39268 1
39271 1
39317 1
39320 1
39329 2
39373 1
39399 2
39413 2
39423 2
39432 1
39434 1
39439 1
39446 2
39469 1
39475 2
39479 1
39480 1
39487 2
39492 2
39522 1
39548 2
39556 2
39558 1
39559 2
39569 2
39584 2
39591 1
39596 4
39605 2
39613 1
39619 2
39624 2
39626 1
39629 1
39634 1
39637 2
39646 1
39649 1
39654 2
39667 1
39673 2
39694 1
39696 1
39711 1
39714 2
39723 1
39725 2
39726 2
39729 2
39748 2
39772 1
39776 1
39778 2
39781 1
39793 1
39794 1
39796 2
39805 1
39816 2
39819 1
39822 1
39823 1
39831 1
39852 2
39856 2
39866 2
39871 2
39883 2
39887 2
39900 1
39915 1
39950 2
39963 2
39964 1
39965 1
39977 1
39989 2
40001 2
40006 1
40018 2
40019 2
40030 1
40058 2
40079 1
40080 1
40083 2
40098 1
40107 1
40114 2
40120 2
40132 1
40133 1
40135 1
40137 1
40149 1
40151 1
40153 2
40156 2
40177 1
40179 2
40186 1
40208 1
40210 2
40216 2
40237 1
40246 3
40249 2
40266 1
40268 2
40278 1
40279 1
40284 2
40285 2
40291 2
40294 1
40296 1
40301 2
40320 1
40327 2
40328 2
40336 1
40337 2
40342 2
40375 1
40394 1
40411 1
40416 2
40430 1
40435 2
40436 2
40447 1
40448 1
40457 3
40479 2
40483 1
40484 2
40488 2
40490 2
40493 2
40514 2
40523 2
40534 2
40579 1
40587 1
40598 1
40606 1
40607 2
40617 1
40618 1
40632 1
40640 1
40649 2
40653 2
40667 1
40668 2
40702 1
40710 1
40711 2
40719 2
40752 1
40755 1
40761 2
40762 2
40764 1
40778 2
40788 1
40798 1
40851 2
40865 2
40868 1
40888 2
40896 2
40904 2
40906 1
40917 3
40922 2
40933 2
40937 2
40940 2
40945 1
40946 2
40959 2
40967 1
40979 1
40980 2
40987 1
40993 2
41002 2
41016 1
41017 1
41026 2
41036 2
41049 1
41071 2
41079 1
41100 1
41103 2
41116 1
41119 2
41130 1
41145 1
41153 1
41157 2
41159 2
41168 1
41180 2
41183 1
41186 1
41187 1
41194 2
41199 1
41217 1
41236 2
41242 3
41258 1
41268 2
41272 2
41283 2
41294 2
41299 1
41300 2
41302 1
41328 1
41330 3
41332 2
41337 2
41346 1
41351 2
41357 2
41361 2
41375 2
41390 2
41395 1
41397 1
41400 2
41407 1
41410 1
41413 2
41425 2
41452 1
41453 1
41458 1
41465 1
41476 1
41481 2
41492 2
41493 1
41494 2
41495 2
41517 2
41526 2
41532 1
41534 1
41536 1
41553 1
41571 1
41573 1
41582 1
41599 2
41603 1
41610 1
41640 1
41649 1
41652 1
41660 2
41664 1
41695 2
41697 1
41704 1
41707 1
41708 1
41715 1
41732 1
41738 1
41745 4
41758 3
41774 1
41777 1
41787 1
41799 2
41805 2
41827 1
41837 1
41850 2
41863 2
41876 1
41877 1
41878 2
41879 2
41892 1
41900 1
41904 3
41913 3
41923 2
41929 1
41941 3
41958 2
41965 1
41975 1
41980 2
41985 2
41995 2
42002 1
42003 2
42020 2
42023 2
42024 1
42038 1
42039 2
42040 1
42046 2
42048 2
42051 1
42054 1
42055 1
42060 2
42082 1
42095 3
42120 1
42121 2
42125 1
42151 2
42186 1
42187 2
42199 2
42201 2
42203 1
42219 2
42222 1
42234 1
42240 4
42272 2
42276 2
42294 1
42296 2
42299 1
42309 2
42314 2
42320 2
42335 2
42337 4
42338 1
42340 2
42350 2
42357 2
42360 2
42378 1
42382 1
42389 2
42390 1
42392 1
42410 2
42418 1
42420 2
42427 1
42428 2
42444 1
42456 2
42463 1
42465 2
42494 2
42497 1
42504 2
42518 2
42528 1
42530 2
42544 1
42554 2
42577 2
42595 1
42601 1
42602 1
42621 2
42623 2
42632 1
42639 1
42643 1
42654 1
42657 1
42664 2
42669 1
42678 2
42695 1
42719 2
42726 2
42730 2
42731 2
42733 2
42736 2
42769 2
42772 3
42775 2
42776 1
42781 2
42790 2
42801 1
42804 2
42807 1
42816 2
42818 2
42828 2
42853 2
42858 1
42863 1
42869 2
42899 2
42936 2
42954 2
42966 2
42971 1
42973 1
42974 1
42981 2
42988 1
42989 1
42991 1
42996 1
42998 1
43003 2
43025 1
43041 2
43047 1
43062 1
43079 2
43088 2
43094 3
43095 3
43099 1
43102 2
43103 2
43118 1
43124 2
43137 1
43143 2
43144 2
43148 1
43155 2
43199 1
43205 1
43211 1
43216 1
43219 2
43225 1
43228 2
43238 3
43241 2
43246 1
43253 2
43269 1
43272 1
43278 2
43282 2
43284 2
43291 2
43304 2
43314 2
43315 2
43316 1
43318 2
43320 1
43325 2
43362 2
43367 1
43368 2
43369 2
43373 2
43383 2
43397 1
43403 1
43408 1
43416 1
43427 2
43430 1
43431 1
43432 2
43445 2
43448 2
43472 3
43476 2
43483 1
43500 2
43521 2
43523 1
43535 2
43542 1
43544 1
43551 1
43554 2
43567 2
43570 1
43574 2
43584 1
43587 2
43592 1
43594 2
43611 2
43616 2
43617 1
43643 2
43645 1
43650 2
43653 1
43655 2
43658 1
43660 1
43673 2
43674 2
43675 2
43685 2
43693 1
43694 2
43702 2
43705 2
43707 2
43734 1
43754 1
43755 2
43760 1
43765 1
43777 2
43783 2
43786 1
43787 2
43800 1
43802 1
43820 1
43839 2
43848 2
43856 1
43868 1
43871 1
43873 2
43884 2
43896 2
43903 2
43912 1
43917 1
43947 2
43982 2
43997 2
44007 2
44008 2
44011 1
44022 3
44037 1
44043 2
44058 1
44069 2
44077 2
44083 1
44091 1
44094 2
44096 1
44102 2
44103 2
44107 1
44140 1
44142 1
44166 1
44179 1
44183 2
44195 2
44196 1
44197 2
44202 2
44203 1
44212 1
44215 2
44222 2
44226 1
44228 1
44230 2
44232 2
44235 2
44236 1
44239 2
44250 2
44252 2
44260 2
44263 2
44265 1
44277 3
44280 2
44292 4
44293 2
44306 2
44318 1
44324 2
44341 2
44355 1
44360 2
44361 1
44364 1
44371 3
44372 2
44374 1
44394 1
44411 2
44414 2
44434 2
44438 3
44441 2
44447 2
44448 1
44453 2
44460 1
44465 2
44474 2
44479 1
44490 2
44506 1
44510 2
44511 3
44518 1
44522 2
44524 1
44541 2
44577 2
44586 2
44588 1
44608 2
44637 1
44645 2
44646 2
44647 1
44651 1
44655 1
44665 1
44675 2
44684 1
44703 1
44710 2
44711 2
44720 3
44721 1
44723 2
44730 1
44739 2
44747 3
44749 1
44769 1
44780 1
44785 2
44788 2
44792 2
44821 2
44824 2
44826 2
44830 2
44844 1
44848 2
44865 2
44866 2
44875 2
44882 1
44886 2
44896 2
44904 2
44906 1
44911 2
44921 1
44923 1
44931 1
44977 2
44991 2
44998 3
45002 1
45008 3
45015 2
45018 2
45038 1
45040 3
45056 1
45062 3
45077 1
45097 2
45100 1
45122 1
45132 2
45136 2
45144 2
45152 2
45157 2
45158 2
45188 1
45199 1
45201 1
45209 2
45223 1
45225 2
45226 1
45244 2
45257 1
45268 2
45275 1
45305 3
45307 2
45312 1
45314 2
45320 2
45336 1
45364 2
45371 2
45390 2
45395 2
45407 2
45413 1
45424 2
45446 2
45449 2
45450 2
45458 1
45459 1
45460 2
45472 1
45518 1
45526 2
45539 2
45542 1
45558 1
45560 2
45561 1
45563 2
45565 2
45569 2
45576 1
45578 2
45589 2
45605 2
45611 1
45618 1
45622 1
45690 1
45697 1
45709 3
45710 1
45714 1
45721 3
45723 2
45738 2
45742 2
45747 1
45758 1
45763 1
45765 1
45772 2
45779 1
45787 1
45822 2
45833 2
45851 1
45852 1
45856 1
45858 1
45859 2
45861 1
45864 1
45871 1
45877 2
45890 2
45895 2
45910 1
45920 2
45927 2
45937 2
45948 2
45950 2
45957 1
45959 1
45976 2
45978 1
45979 2
45980 1
45986 2
45994 2
46008 1
46020 1
46028 1
46030 1
46040 1
46064 1
46081 2
46085 2
46086 2
46089 1
46096 2
46109 2
46149 1
46154 1
46169 2
46172 2
46203 2
46206 1
46230 1
46236 2
46239 1
46245 2
46252 3
46262 1
46267 2
46275 3
46292 1
46301 2
46308 2
46311 1
46320 1
46321 2
46336 1
46340 2
46347 3
46357 2
46370 1
46379 2
46384 2
46388 1
46392 2
46399 1
46401 2
46420 2
46428 1
46433 1
46434 2
46435 2
46445 2
46448 1
46452 1
46453 2
46455 2
46460 2
46477 2
46484 2
46503 2
46505 4
46515 1
46517 1
46546 3
46554 1
46556 2
46564 1
46570 1
46587 4
46615 2
46622 1
46628 2
46651 2
46659 2
46668 2
46681 2
46686 2
46691 1
46694 2
46698 1
46723 2
46727 1
46732 2
46743 3
46747 2
46758 2
46759 2
46767 2
46774 2
46788 2
46789 2
46795 1
46797 1
46799 1
46815 3
46833 2
46838 2
46839 2
46843 3
46872 1
46895 2
46900 2
46902 1
46918 2
46926 2
46937 2
46942 2
46945 2
46958 2
46969 2
46974 2
46981 2
46991 2
46998 2
47010 1
47029 2
47032 2
47063 1
47073 3
47079 2
47082 2
47096 1
47105 2
47117 2
47125 2
47159 1
47168 5
47169 2
47172 1
47193 1
47206 2
47215 2
47219 1
47224 1
47232 2
47245 2
47249 2
47263 2
47265 2
47268 2
47286 2
47296 1
47303 1
47304 2
47310 1
47316 3
47328 1
47330 2
47351 1
47362 2
47374 2
47383 1
47391 1
47396 2
47398 4
47402 2
47411 2
47414 1
47432 1
47440 2
47441 3
47445 1
47463 3
47465 1
47467 2
47476 2
47480 1
47496 2
47513 1
47519 2
47534 1
47541 2
47566 1
47571 2
47583 1
47588 2
47604 1
47607 1
47611 2
47625 2
47638 2
47641 1
47652 3
47671 2
47678 2
47686 2
47693 2
47696 2
47701 3
47704 2
47708 2
47714 2
47715 3
47721 2
47725 2
47746 2
47747 4
47765 2
47767 1
47773 1
47786 1
47798 1
47805 2
47807 2
47809 2
47815 2
47816 3
47848 2
47862 2
47868 1
47874 2
47895 1
47924 2
47927 2
47934 1
47950 2
47955 1
47969 2
47971 1
47975 2
47976 1
47990 1
48024 2
48031 3
48036 1
48057 2
48059 2
48070 1
48091 1
48112 1
48121 1
48141 1
48143 2
48160 2
48162 2
48176 1
48200 2
48201 2
48211 1
48215 2
48216 2
48220 2
48225 2
48230 1
48236 2
48242 2
48258 2
48275 2
48283 1
48287 2
48301 2
48304 2
48327 3
48341 1
48353 2
48356 2
48361 2
48382 2
48444 2
48461 1
48467 2
48468 4
48473 2
48476 2
48483 2
48486 3
48488 2
48505 1
48525 1
48539 2
48546 2
48547 2
48557 1
48570 2
48589 2
48593 2
48603 1
48607 1
48614 2
48630 2
48633 2
48638 1
48640 2
48670 2
48702 1
48704 2
48713 1
48716 1
48736 1
48747 1
48752 2
48755 2
48764 2
48783 2
48802 2
48813 2
48814 1
48842 2
48852 2
48868 1
48871 2
48872 2
48888 2
48904 2
48909 2
48930 1
48933 1
48939 2
48956 1
48958 1
48962 1
48978 2
48987 2
48988 1
49003 1
49012 2
49013 1
49019 1
49029 1
49035 2
49045 2
49063 1
49066 2
49079 2
49081 1
49090 2
49096 2
49112 2
49115 2
49117 2
49120 2
49127 3
49129 2
49145 2
49155 2
49168 3
49174 2
49225 2
49245 1
49248 3
49264 2
49267 2
49269 1
49272 2
49278 2
49280 3
49282 1
49288 2
49304 2
49311 2
49312 2
49313 2
49329 4
49339 1
49341 2
49349 2
49366 2
49375 2
49379 2
49389 2
49391 2
49406 1
49414 2
49435 1
49448 1
49451 1
49470 4
49471 2
49478 1
49479 4
49506 1
49507 1
49516 2
49523 1
49527 2
49534 2
49548 2
49566 1
49570 1
49584 2
49585 2
49595 1
49599 1
49600 2
49602 2
49604 2
49610 1
49618 1
49629 2
49633 2
49640 1
49654 1
49660 1
49682 1
49688 1
49691 2
49698 1
49723 1
49732 2
49734 1
49738 1
49750 2
49753 2
49754 2
49758 2
49774 2
49777 2
49786 1
49802 2
49821 2
49822 2
49827 1
49831 2
49838 2
49899 1
49909 2
49935 1
49946 2
49952 2
49972 2
49994 2
50043 2
50047 1
50050 1
50068 4
50093 1
50111 2
50118 1
50125 2
50127 2
50130 1
50140 2
50172 3
50194 2
50196 2
50206 4
50232 1
50238 1
50265 3
50268 2
50270 1
50278 1
50303 2
50308 2
50315 1
50318 2
50336 1
50373 2
50383 2
50386 1
50387 2
50393 2
50398 2
50399 2
50426 2
50427 1
50439 2
50449 1
50470 2
50478 1
50482 2
50484 2
50485 2
50486 2
50489 2
50498 1
50511 2
50519 2
50521 2
50535 3
50537 1
50565 2
50580 3
50591 2
50604 2
50618 2
50619 2
50646 2
50654 3
50656 2
50661 2
50670 2
50679 2
50681 1
50690 2
50708 2
50715 1
50722 2
50736 2
50746 2
50757 2
50760 1
50782 2
50784 2
50787 2
50797 1
50808 4
50812 1
50813 2
50815 1
50831 1
50838 1
50889 2
50891 2
50906 1
50916 1
50925 2
50931 1
50933 2
50938 2
50960 2
50972 2
50980 1
50989 4
50993 1
51014 2
51038 1
51043 2
51045 2
51054 1
51060 1
51065 1
51073 2
51091 2
51094 2
51103 1
51105 2
51123 1
51165 2
51166 3
51171 2
51184 2
51187 2
51190 2
51191 2
51204 2
51209 2
51210 1
51226 1
51232 2
51251 3
51268 2
51285 2
51309 1
51311 3
51319 2
51325 2
51333 1
51334 1
51338 2
51348 1
51358 1
51368 1
51372 2
51379 2
51388 2
51413 2
51416 1
51435 1
51462 2
51470 1
51472 2
51481 1
51486 2
51488 2
51496 1
51501 4
51516 2
51521 2
51529 2
51537 2
51542 1
51547 2
51551 2
51557 1
51563 2
51569 3
51577 2
51583 1
51609 2
51619 2
51647 2
51649 1
51654 1
51656 2
51671 2
51693 2
51698 2
51703 1
51712 2
51720 2
51721 2
51733 2
51800 3
51801 1
51817 2
51818 3
51822 3
51856 4
51857 2
51875 2
51888 2
51896 2
51907 1
51912 1
51919 1
51928 1
51933 1
51941 2
51948 2
51954 2
51955 2
51966 1
51970 2
52001 2
52010 2
52013 1
52023 1
52031 2
52045 1
52048 1
52051 2
52058 2
52061 1
52066 3
52067 2
52069 2
52080 2
52082 2
52083 2
52088 2
52089 2
52091 4
52102 2
52118 2
52126 2
52165 1
52173 1
52175 1
52190 2
52191 2
52214 1
52219 2
52224 1
52230 1
52242 2
52243 2
52281 2
52297 2
52299 2
52304 2
52307 1
52308 2
52336 1
52337 2
52371 2
52372 3
52374 2
52408 2
52417 2
52461 2
52470 2
52476 1
52480 3
52488 2
52514 2
52549 2
52558 3
52568 2
52624 2
52628 1
52643 2
52658 1
52665 2
52670 2
52685 1
52687 2
52720 1
52721 2
52727 1
52733 2
52746 3
52765 2
52774 2
52791 2
52796 3
52806 1
52813 2
52815 2
52819 1
52821 2
52826 1
52827 1
52830 1
52846 2
52860 2
52863 2
52868 2
52892 2
52897 2
52899 2
52912 2
52916 1
52917 2
52921 3
52926 2
52949 3
52964 1
52976 2
53002 2
53005 2
53013 2
53016 2
53027 1
53031 2
53034 3
53046 2
53053 2
53055 2
53056 1
53067 2
53080 1
53101 2
53108 2
53110 1
53112 2
53129 2
53140 2
53177 4
53179 1
53183 1
53187 2
53196 3
53201 2
53202 2
53217 2
53222 2
53224 2
53242 1
53246 2
53248 1
53267 1
53271 2
53273 2
53282 1
53293 4
53298 2
53301 2
53304 2
53319 2
53342 2
53344 3
53354 1
53371 2
53387 1
53400 1
53412 2
53417 1
53419 2
53431 1
53433 4
53434 2
53439 2
53445 2
53475 2
53483 2
53487 2
53505 2
53513 2
53516 1
53518 2
53533 2
53536 1
53537 1
53544 5
53545 2
53567 2
53572 2
53573 1
53598 1
53604 2
53612 2
53618 2
53631 2
53657 1
53678 2
53701 2
53707 1
53712 2
53718 2
53719 4
53723 2
53727 2
53728 2
53729 1
53730 1
53732 1
53734 1
53738 2
53757 1
53765 2
53781 2
53788 1
53809 4
53823 2
53828 2
53839 2
53844 3
53847 3
53856 3
53860 1
53868 2
53872 1
53874 2
53881 2
53913 2
53915 2
53929 2
53935 2
53940 1
53961 2
53962 1
53966 2
53972 2
53982 3
53984 2
53985 2
54002 4
54005 1
54022 1
54024 1
54030 2
54034 2
54043 2
54044 1
54045 2
54066 2
54084 2
54097 2
54105 1
54134 2
54143 2
54160 2
54178 1
54205 2
54207 1
54214 2
54224 1
54225 2
54240 1
54254 1
54287 2
54296 2
54297 2
54300 2
54306 2
54311 1
54318 2
54319 2
54323 2
54326 2
54338 2
54341 2
54342 2
54354 2
54375 2
54378 1
54379 1
54401 2
54414 2
54426 3
54431 2
54433 2
54439 2
54449 1
54451 2
54455 1
54461 1
54483 1
54494 2
54537 2
54542 1
54577 2
54599 1
54602 2
54613 2
54616 2
54622 2
54631 1
54648 1
54661 2
54671 2
54679 1
54681 2
54687 2
54688 2
54698 2
54703 2
54715 2
54716 2
54720 4
54724 3
54732 2
54734 2
54735 2
54741 2
54746 2
54751 2
54768 2
54773 1
54781 2
54788 3
54814 2
54818 1
54837 2
54884 2
54909 2
54913 1
54922 2
54936 2
54965 2
54985 2
54988 2
54992 2
55009 1
55011 1
55034 2
55041 2
55062 4
55064 2
55086 2
55087 2
55093 1
55112 2
55119 3
55135 2
55184 2
55205 2
55227 2
55245 2
55250 2
55262 2
55269 2
55276 1
55285 2
55290 2
55296 2
55297 1
55300 1
55307 2
55316 4
55320 2
55328 2
55332 2
55339 1
55345 1
55354 2
55364 2
55375 2
55377 3
55389 2
55390 1
55405 2
55419 3
55421 1
55427 1
55430 2
55434 2
55436 3
55441 2
55445 1
55452 2
55459 2
55463 4
55478 1
55482 2
55483 2
55484 2
55488 3
55502 1
55504 2
55511 2
55525 2
55526 2
55532 3
55538 2
55542 2
55544 2
55548 2
55550 1
55569 2
55579 3
55582 1
55587 2
55601 1
55617 3
55619 1
55620 3
55624 2
55638 2
55643 2
55644 2
55666 1
55671 2
55672 2
55683 1
55694 1
55707 2
55734 2
55764 2
55773 2
55778 3
55785 2
55792 2
55811 3
55844 2
55857 2
55858 1
55867 1
55902 2
55904 2
55914 2
55915 3
55924 2
55941 3
55952 2
55957 2
55983 2
56005 1
56027 2
56038 2
56046 2
56052 2
56054 2
56059 2
56066 2
56088 1
56123 2
56158 2
56164 3
56166 1
56188 1
56203 2
56210 2
56213 2
56216 2
56223 1
56232 2
56240 3
56253 1
56255 2
56266 2
56271 2
56272 1
56277 2
56289 2
56304 1
56310 1
56324 1
56327 4
56369 2
56374 2
56376 2
56379 1
56380 1
56410 1
56413 2
56439 2
56462 2
56464 2
56466 1
56489 4
56496 2
56508 2
56513 1
56516 2
56519 3
56537 2
56563 2
56569 2
56591 3
56596 3
56597 3
56616 2
56625 4
56659 2
56666 4
56678 2
56681 1
56691 2
56697 1
56701 2
56713 2
56715 2
56727 1
56761 2
56767 2
56789 2
56791 1
56793 3
56794 1
56797 3
56800 5
56801 2
56812 2
56817 1
56818 2
56850 1
56854 4
56868 1
56894 2
56911 2
56913 3
56919 2
56925 2
56940 2
56955 2
56979 1
56982 2
56987 2
56989 2
56995 2
57026 2
57027 2
57030 1
57042 1
57068 2
57071 2
57073 2
57089 3
57107 2
57110 1
57113 1
57122 2
57177 2
57185 2
57194 4
57195 2
57200 2
57213 2
57214 2
57224 2
57225 2
57231 1
57239 2
57246 1
57249 2
57257 2
57269 2
57274 1
57276 3
57283 2
57284 2
57286 2
57317 2
57320 2
57324 4
57329 2
57339 3
57347 2
57373 2
57398 2
57444 2
57453 2
57478 1
57479 2
57480 4
57481 2
57501 3
57508 1
57519 2
57532 2
57541 2
57547 2
57550 4
57583 2
57596 1
57613 3
57629 2
57640 3
57643 1
57646 3
57661 2
57666 1
57672 3
57684 2
57688 3
57719 2
57729 2
57791 5
57793 3
57807 2
57825 2
57831 4
57847 2
57873 2
57886 1
57903 1
57904 4
57915 3
57923 4
57929 2
57947 1
57954 1
57964 2
57995 3
58057 2
58064 2
58080 2
58097 2
58103 2
58165 4
58167 2
58174 2
58185 2
58187 2
58188 3
58201 2
58211 2
58213 2
58232 2
58238 2
58246 2
58262 2
58285 1
58313 2
58318 2
58322 1
58353 2
58359 1
58371 4
58373 2
58376 2
58383 2
58394 2
58413 2
58418 2
58428 2
58436 3
58440 3
58447 2
58448 2
58459 1
58468 1
58483 2
58487 2
58490 2
58495 2
58497 2
58505 2
58507 1
58508 2
58510 1
58516 2
58526 2
58534 2
58543 1
58548 3
58550 2
58588 1
58603 2
58605 2
58610 1
58611 4
58620 1
58639 3
58640 2
58677 2
58683 1
58714 3
58726 2
58751 3
58761 2
58763 2
58779 2
58783 1
58798 2
58804 2
58809 2
58810 2
58826 2
58834 1
58835 2
58845 2
58848 4
58851 2
58871 4
58874 2
58880 2
58885 4
58887 2
58888 2
58891 2
58892 4
58897 1
58898 1
58908 3
58928 2
58934 2
58938 2
58939 2
58949 2
58953 2
58955 4
58962 2
58966 3
58982 2
58999 2
59010 2
59018 1
59028 2
59048 2
59055 2
59056 1
59060 4
59061 2
59078 2
59084 1
59101 2
59108 2
59109 2
59123 1
59133 2
59146 1
59158 2
59173 3
59175 2
59176 2
59189 2
59195 1
59209 2
59214 2
59226 3
59231 2
59252 1
59260 1
59267 4
59281 2
59292 5
59299 2
59300 2
59332 1
59335 2
59344 3
59351 2
59359 2
59379 2
59386 3
59400 2
59402 3
59408 2
59420 2
59422 4
59432 2
59434 2
59437 2
59448 2
59473 1
59481 2
59482 2
59507 2
59518 1
59540 1
59549 4
59551 3
59579 2
59637 3
59646 2
59654 1
59661 3
59667 2
59677 2
59679 2
59693 2
59703 3
59719 2
59722 2
59737 2
59752 2
59761 2
59792 2
59794 2
59797 2
59809 3
59811 2
59817 2
59818 2
59840 6
59855 1
59864 1
59882 2
59897 1
59903 2
59908 1
59916 2
59931 2
59935 2
59936 3
59955 2
59959 2
59964 1
59998 1
60004 2
60026 2
60041 2
60059 4
60066 2
60075 3
60099 2
60101 2
60103 2
60109 2
60116 1
60119 4
60125 3
60148 2
60176 2
60233 2
60266 1
60299 4
60311 2
60328 2
60344 3
60349 3
60354 2
60355 3
60369 1
60376 2
60378 2
60385 3
60389 3
60391 3
60398 1
60420 1
60430 2
60435 2
60438 1
60440 4
60444 4
60449 3
60456 2
60460 2
60469 2
60475 2
60479 1
60497 3
60498 2
60499 2
60516 2
60518 2
60530 2
60532 1
60534 2
60539 2
60557 2
60560 2
60589 1
60602 2
60624 3
60626 1
60627 3
60650 2
60689 2
60691 2
60733 2
60736 2
60774 2
60797 2
60798 2
60805 2
60824 2
60834 2
60835 3
60840 2
60849 4
60850 1
60855 2
60869 2
60871 2
60901 2
60905 2
60906 2
60948 2
60976 1
60989 1
61005 2
61013 2
61017 2
61029 3
61034 3
61045 2
61080 2
61102 3
61123 1
61132 3
61133 1
61158 2
61160 2
61169 2
61177 2
61189 2
61195 1
61206 2
61246 2
61259 2
61267 1
61269 1
61282 2
61288 2
61309 1
61317 2
61318 3
61321 2
61344 2
61347 2
61414 2
61425 2
61477 2
61511 1
61535 2
61642 3
61661 2
61670 1
61702 4
61741 2
61762 1
61786 2
61789 2
61798 2
61804 2
61859 2
61864 2
61881 2
61894 2
61937 1
61943 2
61951 2
61969 3
61970 3
61972 2
61987 2
61990 2
61993 2
61997 1
62005 2
62007 4
62014 2
62043 5
62053 3
62061 3
62091 2
62093 2
62105 5
62138 2
62144 4
62159 2
62165 3
62170 1
62180 2
62222 4
62246 2
62248 2
62271 2
62303 3
62304 2
62323 2
62326 2
62334 2
62336 2
62342 1
62352 3
62353 2
62362 3
62389 2
62395 2
62401 2
62432 3
62437 2
62443 2
62444 2
62458 2
62459 4
62470 1
62480 2
62482 1
62484 2
62486 3
62510 2
62512 2
62516 2
62533 1
62536 2
62556 2
62565 2
62574 1
62583 2
62632 4
62651 1
62657 2
62668 3
62673 4
62719 3
62722 1
62730 2
62735 2
62738 2
62742 2
62743 4
62761 2
62764 1
62806 2
62834 1
62850 4
62896 2
62897 2
62908 2
62918 6
62919 2
62936 2
62947 4
62954 2
62958 2
62968 2
62973 1
62976 4
62977 1
62996 2
63005 3
63007 3
63038 2
63066 4
63072 4
63079 2
63086 2
63088 3
63104 4
63112 2
63113 3
63126 2
63127 2
63137 2
63139 3
63141 2
63144 2
63161 2
63168 4
63171 2
63173 2
63196 2
63206 2
63211 2
63219 2
63220 2
63229 2
63232 2
63233 2
63249 2
63254 4
63274 4
63293 3
63295 4
63305 2
63325 4
63331 2
63335 2
63349 3
63356 3
63358 4
63363 2
63370 2
63418 1
63419 2
63424 4
63429 2
63430 4
63443 2
63456 3
63461 2
63469 3
63474 3
63483 1
63497 2
63505 2
63511 2
63519 2
63520 4
63525 3
63530 2
63532 2
63544 1
63551 1
63569 2
63579 2
63583 1
63584 2
63585 2
63616 1
63617 2
63639 2
63641 2
63643 2
63655 2
63665 3
63669 4
63673 2
63676 2
63677 1
63685 1
63706 1
63714 1
63735 2
63745 2
63753 2
63773 2
63785 2
63800 2
63808 3
63820 1
63824 4
63825 2
63826 2
63835 2
63846 2
63869 2
63872 1
63874 2
63881 2
63897 2
63911 4
63915 2
63925 2
63927 1
63934 2
63941 4
63950 3
63957 2
63959 2
63965 3
63967 2
63983 2
63984 2
64024 3
64029 2
64031 2
64038 3
64044 1
64049 3
64055 2
64067 4
64074 2
64078 2
64080 2
64093 2
64094 2
64095 2
64099 3
64121 2
64142 2
64150 3
64153 1
64158 2
64175 2
64180 1
64181 4
64187 3
64196 4
64198 3
64201 2
64209 2
64211 3
64218 2
64243 2
64276 2
64281 2
64286 1
64317 2
64331 6
64333 2
64343 2
64345 1
64357 1
64386 2
64388 2
64398 2
64403 2
64407 3
64444 2
64455 2
64473 4
64483 2
64487 2
64500 4
64502 1
64511 1
64514 2
64524 3
64528 1
64537 2
64543 2
64563 2
64564 2
64582 2
64591 2
64619 2
64625 3
64626 2
64634 2
64641 2
64644 2
64666 2
64674 2
64676 4
64709 2
64725 3
64731 2
64736 2
64742 4
64746 1
64762 2
64770 2
64776 3
64787 4
64800 2
64827 4
64862 4
64869 2
64870 2
64883 4
64890 3
64915 3
64951 2
64956 2
64976 2
64982 4
64983 3
64984 2
65002 2
65008 2
65034 2
65055 2
65065 2
65076 2
65085 2
65086 2
65089 1
65099 3
65103 4
65110 2
65114 2
65118 2
65151 4
65166 2
65167 1
65177 2
65180 2
65187 2
65189 2
65200 4
65212 4
65213 4
65215 3
65228 2
65232 2
65240 3
65255 2
65261 2
65272 2
65282 2
65286 4
65302 1
65315 3
65321 5
65325 2
65336 2
65377 1
65391 2
65394 2
65398 2
65423 2
65451 1
65455 2
65463 1
65467 2
65468 1
65489 4
65498 2
65508 3
65522 4
65529 2
65543 2
65546 3
65555 2
65557 2
65561 4
65565 2
65567 3
65582 3
65598 3
65601 1
65605 5
65610 3
65611 1
65629 2
65630 2
65633 2
65648 2
65656 1
65658 2
65664 2
65671 2
65677 2
65688 2
65693 2
65702 5
65703 1
65714 2
65732 3
65744 2
65745 3
65753 2
65763 3
65774 2
65780 2
65782 2
65787 2
65796 2
65801 2
65831 2
65850 3
65869 2
65871 2
65874 1
65877 2
65893 3
65908 2
65911 1
65928 4
65937 2
65950 2
65962 2
65978 2
65984 2
65991 2
66001 2
66002 1
66021 2
66022 2
66038 2
66052 2
66062 2
66076 1
66085 4
66093 2
66094 3
66127 3
66131 1
66149 2
66176 2
66187 2
66192 4
66193 3
66196 2
66199 2
66211 4
66214 1
66225 2
66226 2
66230 4
66265 2
66267 2
66269 3
66277 2
66280 2
66287 2
66301 2
66302 4
66314 4
66325 2
66329 2
66336 2
66342 3
66356 4
66365 2
66384 2
66391 2
66396 2
66413 3
66418 2
66419 2
66429 2
66435 2
66452 1
66465 1
66469 2
66472 2
66498 3
66503 2
66524 4
66532 2
66539 2
66551 2
66593 2
66615 2
66656 4
66685 2
66698 1
66699 2
66709 2
66724 3
66747 2
66756 4
66763 4
66774 1
66794 2
66799 2
66806 2
66809 3
66824 6
66830 4
66832 2
66839 1
66840 3
66845 2
66846 2
66851 2
66862 2
66863 3
66865 2
66870 2
66884 4
66915 2
66940 4
66943 3
66947 3
66962 2
66977 2
66982 3
66984 4
66994 2
67014 2
67035 2
67097 3
67099 2
67110 2
67113 3
67124 4
67131 1
67146 4
67148 4
67149 2
67151 1
67159 2
67165 2
67168 4
67172 2
67189 2
67212 3
67217 2
67220 3
67256 2
67261 2
67273 2
67277 2
67278 1
67303 1
67305 3
67317 2
67320 1
67337 4
67351 2
67352 2
67354 2
67355 2
67360 2
67365 2
67383 2
67389 4
67405 2
67417 5
67431 2
67437 3
67448 1
67470 3
67473 3
67477 4
67494 2
67495 2
67496 2
67502 3
67504 2
67505 2
67515 2
67538 5
67557 2
67566 4
67571 3
67575 3
67585 2
67606 4
67625 2
67632 4
67634 2
67636 2
67645 2
67648 3
67662 2
67704 3
67709 3
67718 2
67724 2
67734 2
67735 3
67767 3
67776 3
67781 2
67795 2
67799 4
67801 2
67815 2
67818 3
67853 5
67868 3
67891 2
67894 2
67912 4
67915 4
67918 3
67932 4
67943 4
67965 2
67966 2
67986 5
67988 2
67999 2
68002 2
68012 2
68017 2
68018 2
68027 3
68032 2
68056 2
68067 3
68096 2
68124 4
68125 2
68129 2
68161 2
68173 1
68176 2
68202 2
68205 2
68231 1
68236 4
68237 2
68248 1
68251 1
68252 2
68253 2
68258 3
68260 3
68289 2
68295 2
68323 2
68326 3
68329 2
68333 2
68335 2
68336 2
68348 2
68369 2
68384 2
68388 2
68419 3
68422 2
68424 2
68425 2
68434 2
68440 2
68454 2
68455 2
68458 2
68462 2
68464 2
68467 1
68469 1
68497 2
68504 1
68508 4
68510 2
68524 1
68528 3
68537 2
68538 2
68541 1
68556 2
68586 2
68588 4
68602 2
68613 5
68621 2
68626 3
68636 2
68650 3
68676 2
68693 2
68695 2
68698 2
68717 2
68719 3
68723 4
68725 1
68733 2
68734 2
68739 2
68743 2
68748 2
68761 4
68767 4
68770 2
68775 3
68785 2
68789 4
68799 3
68803 4
68808 2
68816 2
68827 2
68855 2
68867 2
68873 1
68877 2
68890 3
68891 3
68903 2
68905 4
68906 4
68909 4
68916 2
68930 2
68931 2
68932 2
68936 1
68937 2
68942 5
68960 3
68965 2
68967 5
68970 2
68971 4
68977 3
68994 2
68997 5
69004 2
69007 2
69013 2
69018 3
69021 2
69023 3
69033 2
69042 2
69047 2
69067 2
69077 4
69093 3
69098 2
69109 2
69136 3
69143 3
69149 2
69158 2
69169 1
69174 2
69176 2
69178 2
69187 2
69188 2
69198 3
69209 2
69213 2
69214 2
69215 4
69224 4
69242 5
69244 2
69255 2
69268 2
69280 2
69285 2
69293 2
69294 2
69301 1
69312 4
69347 2
69350 2
69354 4
69355 4
69365 1
69376 2
69384 2
69388 2
69393 4
69401 2
69408 2
69410 2
69415 2
69419 1
69428 2
69432 2
69452 2
69463 4
69465 2
69467 2
69468 2
69484 2
69501 2
69512 2
69519 4
69520 4
69523 2
69528 4
69536 2
69541 2
69552 3
69555 4
69583 2
69587 3
69596 2
69597 4
69613 2
69618 2
69649 3
69655 2
69669 3
69689 2
69692 2
69695 2
69699 3
69709 2
69711 2
69720 1
69722 2
69734 4
69744 2
69745 2
69776 2
69786 1
69810 5
69842 4
69852 2
69859 4
69889 3
69897 2
69903 4
69923 2
69940 2
69947 3
69979 2
69990 2
69991 3
69993 3
69998 2
70000 1
70010 2
70040 1
70049 4
70050 2
70053 2
70060 2
70069 2
70075 2
70077 2
70087 4
70097 2
70098 2
70101 5
70115 5
70125 2
70139 3
70141 2
70142 2
70157 2
70158 3
70180 2
70187 3
70189 2
70197 1
70203 3
70211 2
70219 3
70224 2
70235 4
70250 5
70260 2
70275 5
70276 4
70277 1
70279 2
70283 3
70284 3
70323 3
70329 1
70348 2
70375 1
70377 2
70387 4
70389 2
70409 3
70410 2
70414 3
70436 2
70458 5
70464 3
70473 3
70478 4
70498 2
70501 2
70504 2
70506 2
70508 1
70510 3
70524 2
70544 4
70545 3
70565 2
70611 4
70621 2
70625 1
70627 3
70628 2
70630 3
70653 3
70678 4
70686 2
70705 2
70708 2
70710 2
70732 4
70752 4
70755 4
70758 2
70768 2
70781 2
70782 1
70791 2
70794 2
70804 4
70815 2
70834 2
70837 4
70838 5
70843 4
70871 2
70886 3
70895 2
70896 2
70902 2
70909 4
70910 2
70912 4
70922 3
70929 2
70937 2
70940 2
70943 2
70944 2
70946 1
70948 3
70973 3
70988 4
70994 2
71009 2
71013 4
71028 3
71039 3
71076 4
71078 3
71081 2
71091 2
71097 2
71120 5
71141 3
71144 2
71147 2
71150 2
71154 5
71155 2
71158 2
71159 2
71166 4
71178 4
71183 2
71184 4
71189 4
71201 2
71212 4
71230 5
71247 3
71250 2
71267 3
71270 5
71279 2
71284 2
71301 2
71308 2
71315 2
71316 2
71319 2
71332 4
71342 2
71354 5
71357 2
71359 4
71365 2
71370 2
71371 5
71372 2
71383 1
71392 1
71394 2
71397 2
71410 5
71415 2
71419 3
71437 4
71452 2
71459 1
71472 4
71474 2
71529 3
71563 4
71564 2
71566 1
71568 2
71571 4
71580 2
71594 3
71598 2
71608 2
71611 3
71638 2
71643 1
71657 5
71675 3
71676 2
71679 2
71689 2
71691 2
71696 2
71703 3
71722 2
71729 2
71732 2
71754 2
71773 2
71785 2
71786 2
71815 3
71837 5
71857 4
71864 2
71873 2
71890 2
71901 2
71908 2
71909 2
71920 2
71938 2
71942 4
71957 4
71969 2
71982 1
71983 2
71986 2
72000 3
72006 2
72014 2
72021 2
72024 2
72046 2
72048 2
72049 2
72060 4
72065 3
72074 2
72077 2
72088 2
72091 4
72096 2
72102 2
72107 2
72133 2
72147 2
72159 5
72160 2
72163 2
72169 4
72171 2
72192 3
72200 2
72213 2
72216 2
72233 2
72271 4
72280 2
72296 2
72319 2
72321 5
72326 2
72340 4
72347 2
72350 2
72357 2
72358 2
72360 4
72368 3
72370 2
72383 5
72390 2
72398 4
72401 2
72406 4
72409 3
72415 5
72426 2
72432 5
72433 2
72437 2
72445 2
72446 4
72449 4
72459 2
72474 4
72476 2
72488 2
72489 2
72524 4
72529 2
72536 2
72542 3
72552 4
72561 4
72572 3
72587 3
72589 1
72596 2
72600 2
72607 2
72624 4
72626 3
72644 4
72645 2
72661 2
72662 4
72699 2
72702 2
72709 2
72711 4
72713 2
72728 2
72738 4
72740 3
72750 2
72751 3
72767 3
72769 2
72774 1
72777 4
72782 3
72788 2
72792 2
72798 2
72807 1
72814 3
72828 2
72837 3
72838 4
72851 3
72880 2
72882 4
72891 3
72903 2
72904 2
72905 2
72923 2
72927 3
72935 2
72946 3
72952 1
72960 2
72965 2
72978 1
72980 2
72983 3
72992 4
73000 2
73025 2
73037 2
73055 4
73062 3
73070 2
73079 4
73088 2
73097 2
73098 2
73102 4
73106 2
73110 2
73111 2
73122 2
73128 2
73131 3
73133 2
73148 2
73151 2
73161 3
73166 2
73172 3
73173 2
73181 2
73184 3
73186 1
73193 3
73210 1
73226 2
73231 1
73235 2
73236 2
73242 1
73266 4
73269 4
73270 4
73285 4
73294 2
73298 4
73310 2
73312 2
73320 2
73327 2
73333 3
73335 2
73341 4
73343 2
73375 2
73392 3
73397 1
73406 2
73409 3
73423 3
73432 3
73456 2
73459 2
73460 2
73479 2
73485 2
73486 2
73488 2
73489 4
73491 3
73504 2
73509 2
73515 3
73532 2
73543 2
73545 2
73561 3
73566 2
73567 2
73571 3
73582 5
73602 2
73617 4
73625 2
73633 2
73635 4
73644 2
73655 2
73667 2
73669 4
73673 2
73689 4
73699 2
73708 2
73715 4
73716 2
73722 5
73735 2
73736 4
73743 3
73748 4
73749 2
73750 2
73751 2
73754 2
73755 3
73763 2
73766 3
73772 1
73797 4
73803 3
73804 2
73807 4
73822 3
73840 3
73850 2
73872 3
73874 3
73911 2
73913 4
73928 2
73932 5
73941 4
73963 2
73965 1
73966 3
73974 3
73975 4
73982 3
73995 3
73997 5
73998 2
74001 3
74009 2
74011 1
74019 3
74025 2
74032 1
74033 2
74057 2
74062 2
74073 1
74079 4
74082 5
74095 4
74113 3
74116 4
74118 4
74136 2
74139 2
74143 2
74146 5
74150 2
74163 4
74176 2
74184 2
74191 2
74202 2
74223 2
74227 2
74231 3
74235 2
74242 5
74251 3
74252 2
74260 2
74264 2
74268 2
74281 3
74283 2
74289 3
74293 2
74294 2
74311 2
74313 4
74327 3
74333 1
74334 2
74338 1
74344 2
74345 4
74356 2
74373 1
74385 4
74390 2
74394 3
74405 5
74412 2
74418 4
74446 3
74457 2
74458 2
74460 4
74466 2
74475 2
74482 2
74491 2
74497 3
74507 5
74525 2
74526 2
74529 2
74531 3
74536 2
74548 2
74549 2
74551 4
74563 3
74571 2
74576 2
74583 4
74587 2
74591 2
74595 4
74605 2
74610 4
74614 2
74616 2
74623 2
74635 2
74642 3
74647 2
74651 1
74661 2
74663 3
74668 3
74671 2
74676 3
74701 3
74704 2
74706 2
74707 4
74710 4
74711 3
74713 2
74717 3
74746 2
74753 2
74775 5
74786 2
74788 2
74792 2
74800 5
74829 2
74835 2
74855 2
74864 5
74866 4
74878 5
74882 2
74889 4
74897 3
74904 2
74915 4
74936 3
74938 3
74941 2
74952 2
74961 3
74974 2
74976 2
74983 2
74986 2
74987 2
74992 2
75000 3
75008 2
75049 4
75052 5
75061 4
75062 3
75065 3
75068 2
75080 4
75082 4
75092 4
75104 3
75110 2
75112 3
75119 2
75120 2
75121 4
75123 2
75130 2
75145 2
75150 2
75170 3
75171 2
75177 3
75178 2
75181 2
75191 2
75193 1
75194 2
75196 2
75212 4
75221 3
75224 3
75241 4
75252 2
75261 3
75262 2
75266 4
75276 4
75280 2
75281 2
75293 2
75297 4
75322 4
75328 2
75335 3
75337 2
75339 2
75341 4
75370 2
75371 2
75379 4
75385 2
75393 2
75397 2
75418 3
75424 3
75426 5
75430 2
75436 4
75437 2
75438 2
75442 2
75445 1
75451 4
75458 3
75460 3
75464 2
75487 3
75489 2
75500 2
75508 2
75509 4
75518 3
75520 2
75522 3
75528 2
75534 3
75536 4
75543 2
75571 2
75593 2
75601 4
75602 2
75608 3
75616 3
75620 2
75623 3
75630 2
75640 2
75659 5
75662 2
75669 2
75677 4
75679 4
75692 3
75710 2
75713 2
75717 2
75734 2
75737 4
75750 4
75758 2
75775 5
75777 2
75782 4
75785 2
75790 2
75793 2
75796 2
75808 3
75810 2
75817 3
75820 2
75824 2
75827 4
75834 2
75835 1
75860 5
75879 3
75883 2
75885 2
75886 2
75888 2
75890 2
75904 5
75909 1
75926 1
75927 3
75936 2
75942 4
75960 2
75964 4
75965 1
75972 1
76018 4
76033 1
76040 3
76067 2
76069 2
76074 3
76075 5
76090 2
76102 1
76130 2
76133 3
76134 2
76138 2
76145 2
76150 6
76153 5
76154 3
76164 2
76172 2
76196 4
76198 2
76207 4
76213 4
76226 2
76229 4
76231 3
76241 2
76249 4
76252 4
76258 2
76263 3
76266 4
76278 2
76294 1
76319 4
76321 2
76337 2
76342 3
76366 2
76370 4
76371 3
76378 2
76407 2
76410 2
76429 2
76451 2
76467 2
76471 2
76499 3
76502 2
76512 2
76524 4
76531 2
76543 4
76544 2
76554 2
76562 2
76592 3
76595 3
76602 5
76618 2
76629 2
76642 4
76666 4
76674 2
76675 3
76687 2
76694 2
76735 2
76741 2
76751 4
76755 2
76762 2
76772 3
76784 2
76802 5
76803 4
76813 5
76828 2
76829 2
76840 1
76841 5
76844 1
76850 5
76857 4
76861 3
76866 3
76877 3
76906 2
76921 2
76923 4
76932 3
76940 3
76949 4
76990 2
76991 4
77005 3
77006 1
77021 2
77027 4
77034 2
77038 3
77044 3
77053 3
77055 4
77056 3
77061 2
77074 2
77103 2
77104 4
77108 2
77113 2
77148 3
77165 6
77175 2
77178 3
77179 2
77204 1
77205 3
77229 4
77247 2
77249 2
77267 2
77273 2
77286 2
77287 2
77291 2
77300 2
77305 3
77309 3
77331 4
77349 2
77352 2
77354 3
77357 4
77360 2
77371 2
77382 2
77394 6
77401 2
77410 3
77424 2
77431 2
77432 2
77434 2
77460 2
77463 2
77468 3
77474 4
77479 2
77486 2
77488 4
77499 2
77501 2
77517 2
77518 2
77524 2
77537 3
77540 5
77549 3
77552 2
77558 2
77560 4
77575 3
77576 2
77591 4
77596 2
77597 4
77608 3
77617 1
77620 2
77621 3
77629 2
77630 4
77632 5
77640 2
77643 2
77648 2
77671 2
77673 2
77677 3
77699 2
77704 3
77715 3
77716 1
77720 4
77724 2
77728 4
77735 2
77736 1
77759 3
77775 2
77776 4
77795 2
77811 4
77817 4
77820 2
77822 4
77851 2
77857 5
77866 1
77877 2
77878 2
77887 2
77896 2
77909 3
77912 3
77916 4
77923 5
77938 2
77941 2
77944 4
77951 2
77968 1
77973 2
77977 2
77989 1
77990 1
77995 2
77999 2
78002 1
78014 2
78029 1
78039 1
78042 1
78045 1
78048 2
78051 2
78059 1
78068 1
78071 2
78077 1
78095 2
78105 2
78108 1
78113 2
78138 1
78142 1
78143 1
78145 1
78149 1
78154 1
78178 2
78187 2
78190 1
78206 2
78207 1
78210 1
78228 2
78230 1
78231 2
78241 1
78244 1
78250 2
78251 2
78283 2
78306 1
78318 1
78320 1
78321 2
78325 1
78339 2
78351 2
78358 5
78366 2
78377 2
78388 2
78398 1
78400 2
78406 2
78417 1
78422 2
78423 1
78432 2
78464 2
78475 2
78479 2
78481 1
78488 1
78490 1
78492 2
78498 1
78505 2
78516 2
78524 1
78534 2
78546 1
78548 2
78561 2
78572 2
78579 1
78582 1
78596 2
78597 1
78610 2
78634 1
78637 1
78638 1
78639 1
78665 2
78668 1
78683 2
78684 1
78685 2
78708 1
78717 1
78719 1
78720 2
78726 2
78732 2
78733 1
78737 1
78743 2
78771 1
78773 1
78784 2
78789 1
78797 1
78798 2
78801 2
78815 1
78818 1
78831 1
78843 1
78849 2
78858 2
78863 1
78870 1
78872 3
78878 1
78896 1
78922 1
78924 2
78926 2
78932 1
78950 1
78951 1
78975 1
78994 2
78998 1
79000 1
79006 1
79030 2
79032 1
79033 2
79036 1
79039 1
79081 1
79088 1
79108 2
79110 1
79117 1
79124 1
79158 1
79161 1
79165 2
79172 1
79176 2
79190 2
79194 1
79209 2
79219 2
79231 2
79234 1
79244 1
79248 1
79251 1
79272 1
79274 1
79275 2
79282 2
79286 2
79298 2
79314 2
79318 3
79323 2
79334 2
79339 2
79341 2
79351 1
79366 2
79374 1
79377 1
79400 2
79401 1
79425 1
79437 1
79438 2
79448 2
79453 2
79457 1
79477 1
79482 1
79502 2
79507 2
79515 2
79520 1
79524 2
79527 2
79531 2
79535 2
79537 1
79538 2
79543 2
79545 2
79564 2
79578 2
79580 2
79585 2
79594 2
79602 2
79612 1
79616 2
79617 2
79629 2
79658 2
79660 2
79663 2
79674 1
79693 2
79699 2
79707 1
79733 2
79738 2
79743 1
79760 2
79785 2
79786 2
79801 2
79809 1
79818 1
79842 2
79857 2
79858 2
79897 3
79901 2
79906 2
79916 1
79922 1
79927 1
79929 2
79939 2
79946 2
79957 2
79959 1
79962 2
79964 2
79987 1
79988 2
80001 2
80003 2
80013 1
80018 1
80019 1
80021 1
80025 2
80032 1
80037 1
80045 2
80049 3
80065 2
80072 2
80126 1
80131 1
80134 2
80141 2
80151 2
80160 2
80162 1
80194 2
80199 1
80217 2
80220 2
80228 2
80234 2
80264 1
80265 1
80271 1
80274 1
80276 2
80285 2
80314 1
80316 2
80318 1
80320 2
80323 2
80333 2
80344 1
80349 1
80351 1
80363 1
80366 1
80368 2
80377 1
80382 2
80390 2
80392 1
80400 1
80405 2
80406 2
80410 1
80412 2
80413 2
80416 1
80421 2
80435 1
80446 3
80454 1
80481 1
80483 1
80489 3
80490 2
80492 1
80495 1
80502 1
80506 2
80508 1
80510 1
80518 1
80532 1
80541 2
80558 1
80560 2
80562 2
80572 1
80576 1
80578 1
80580 2
80582 2
80586 1
80591 1
80594 2
80601 1
80621 1
80622 2
80623 1
80628 1
80629 2
80631 1
80641 3
80653 1
80657 1
80673 1
80686 1
80709 2
80722 1
80726 2
80730 2
80731 1
80741 1
80772 2
80774 2
80775 1
80804 2
80805 1
80820 1
80832 1
80847 2
80856 1
80863 1
80867 2
80875 2
80877 1
80878 1
80893 1
80905 1
80916 3
80926 3
80933 2
80936 1
80947 1
80950 1
80973 2
80979 2
80983 2
80996 2
80997 2
81005 2
81006 2
81026 2
81030 2
81033 2
81034 1
81046 2
81048 2
81050 1
81070 1
81074 1
81077 1
81087 2
81095 2
81101 2
81108 1
81129 1
81139 1
81145 1
81154 2
81174 1
81195 2
81196 2
81205 2
81207 2
81208 2
81215 2
81222 1
81227 1
81249 1
81258 1
81260 1
81262 2
81264 2
81283 1
81311 1
81348 1
81352 1
81356 3
81360 1
81371 2
81373 1
81378 2
81398 1
81408 2
81412 2
81422 3
81441 2
81444 1
81458 2
81474 2
81478 1
81482 1
81492 1
81501 1
81509 2
81516 1
81521 2
81536 2
81537 2
81544 1
81554 1
81559 1
81561 2
81587 2
81592 2
81595 2
81615 1
81618 2
81629 1
81633 1
81638 2
81668 1
81681 1
81711 1
81712 1
81721 1
81730 1
81733 2
81741 2
81744 2
81748 1
81749 1
81753 2
81759 1
81762 2
81766 1
81779 2
81791 1
81796 1
81804 2
81809 1
81817 2
81823 2
81864 2
81865 2
81866 1
81869 2
81870 1
81899 2
81900 2
81902 1
81911 3
81916 2
81921 1
81944 1
81950 1
81962 1
81964 1
81988 2
81989 1
81998 2
81999 2
82007 1
82021 2
82025 2
82026 2
82036 2
82078 1
82090 2
82091 2
82111 2
82131 1
82143 1
82148 2
82149 1
82153 1
82161 1
82169 2
82180 1
82181 2
82182 1
82184 1
82190 2
82194 2
82199 2
82209 2
82225 1
82241 2
82245 1
82258 1
82272 2
82276 2
82281 2
82284 2
82289 2
82301 2
82304 2
82316 1
82318 1
82352 2
82370 2
82375 1
82379 2
82402 2
82404 1
82408 2
82417 1
82440 2
82444 1
82452 2
82461 2
82467 1
82472 1
82480 2
82484 2
82486 1
82502 2
82509 1
82512 2
82519 2
82521 1
82527 2
82529 2
82535 2
82539 1
82555 1
82563 2
82566 2
82571 2
82598 2
82628 1
82651 1
82655 2
82679 1
82680 2
82687 2
82698 2
82717 1
82732 1
82734 2
82746 2
82751 1
82754 1
82765 1
82777 1
82780 1
82784 1
82791 1
82815 2
82819 2
82824 1
82827 2
82831 2
82834 2
82835 1
82840 2
82850 2
82857 1
82858 1
82863 2
82871 1
82875 1
82880 2
82892 2
82894 2
82897 1
82902 2
82922 2
82923 2
82928 1
82939 1
82940 2
82945 1
82956 1
82959 1
82961 1
82965 1
82972 2
82975 2
82977 2
82987 2
82997 2
82999 2
83006 2
83013 1
83031 1
83032 2
83045 2
83049 3
83054 2
83058 2
83062 1
83079 2
83082 2
83085 1
83101 1
83111 3
83120 2
83121 2
83126 1
83128 2
83171 2
83193 2
83198 1
83201 1
83211 2
83217 2
83235 1
83236 2
83245 1
83248 2
83260 1
83267 2
83268 2
83271 2
83273 1
83275 1
83277 1
83288 1
83296 2
83300 2
83303 1
83308 1
83309 2
83316 2
83318 1
83341 1
83357 2
83358 2
83361 1
83362 2
83365 1
83366 2
83388 1
83402 1
83405 1
83416 1
83423 1
83434 1
83437 1
83443 1
83446 2
83463 1
83466 2
83469 2
83475 1
83484 2
83490 1
83505 1
83507 1
83524 3
83530 2
83532 2
83538 2
83553 2
83571 2
83574 2
83581 1
83586 1
83587 2
83597 1
83599 2
83605 2
83609 2
83611 1
83621 2
83632 1
83635 2
83649 2
83654 1
83666 1
83669 3
83679 2
83680 3
83682 2
83720 2
83735 1
83736 1
83739 1
83761 3
83766 1
83767 2
83773 1
83775 2
83788 1
83795 1
83797 1
83810 1
83825 1
83841 1
83843 1
83845 2
83857 1
83863 1
83871 1
83886 2
83894 2
83897 1
83901 1
83909 1
83920 1
83922 1
83925 2
83930 1
83934 2
83935 1
83936 2
83943 2
83945 1
83946 2
83982 2
83989 1
84024 2
84027 2
84028 1
84042 2
84046 1
84051 2
84060 2
84070 1
84092 1
84094 2
84097 1
84102 2
84112 1
84123 1
84124 2
84135 1
84143 1
84146 1
84171 1
84173 1
84185 2
84188 1
84205 1
84261 1
84263 2
84274 1
84281 2
84285 2
84291 1
84294 1
84298 2
84300 1
84302 1
84308 2
84309 1
84312 1
84317 2
84327 2
84335 1
84336 1
84341 1
84347 2
84365 1
84370 2
84384 1
84388 2
84390 2
84391 1
84392 1
84396 1
84404 3
84407 1
84408 1
84415 3
84417 2
84424 2
84427 2
84450 1
84453 2
84470 2
84473 2
84490 2
84498 2
84500 1
84501 1
84511 1
84519 1
84521 1
84553 1
84562 2
84578 1
84590 2
84596 2
84597 1
84608 1
84614 1
84627 2
84645 2
84647 1
84654 2
84666 1
84677 2
84678 2
84698 1
84714 1
84717 1
84735 1
84740 2
84746 1
84771 2
84798 1
84804 2
84817 1
84821 2
84826 1
84827 1
84838 1
84845 2
84847 1
84859 1
84860 1
84863 2
84874 1
84884 2
84894 1
84898 2
84911 2
84914 1
84916 1
84922 2
84923 1
84928 1
84939 1
84945 1
84947 2
84948 1
84959 2
84981 2
84995 2
85017 2
85018 1
85022 2
85023 2
85025 1
85054 1
85055 2
85066 1
85069 1
85089 4
85092 2
85106 1
85108 2
85109 1
85142 2
85159 1
85171 1
85187 2
85230 2
85233 2
85249 1
85256 2
85267 2
85296 2
85304 1
85319 1
85345 1
85346 2
85348 1
85366 3
85370 1
85371 2
85374 2
85381 2
85414 1
85424 1
85427 1
85433 2
85434 2
85438 1
85449 1
85456 1
85461 1
85487 3
85532 2
85546 2
85548 2
85553 2
85555 1
85559 2
85580 2
85581 1
85596 2
85601 2
85602 2
85615 1
85616 2
85626 1
85627 2
85639 1
85641 1
85643 2
85659 2
85670 1
85674 1
85683 2
85690 1
85704 1
85732 2
85733 1
85739 2
85740 2
85764 2
85768 1
85773 2
85776 2
85780 2
85791 2
85805 1
85817 2
85818 3
85824 2
85825 1
85832 2
85845 1
85852 2
85857 2
85864 2
85883 1
85900 1
85922 1
85939 1
85947 1
85950 1
85962 1
85967 2
85982 3
85983 1
85990 1
86031 2
86044 1
86048 2
86060 2
86062 2
86071 1
86073 2
86074 1
86091 2
86093 2
86100 2
86103 2
86127 3
86130 1
86131 2
86133 2
86138 1
86140 1
86149 1
86150 2
86152 1
86162 2
86180 1
86188 2
86192 1
86194 2
86197 1
86216 1
86228 2
86232 1
86247 2
86249 1
86251 3
86261 1
86268 2
86272 2
86293 2
86301 2
86306 3
86317 1
86321 1
86333 2
86337 1
86339 1
86353 2
86354 2
86355 2
86356 1
86357 1
86358 2
86370 1
86372 2
86383 2
86386 2
86405 2
86421 2
86422 3
86426 2
86449 2
86460 1
86474 4
86478 1
86491 2
86536 2
86538 1
86543 3
86550 1
86555 2
86560 1
86562 2
86564 1
86567 2
86591 2
86613 2
86621 2
86625 1
86648 1
86660 2
86667 2
86668 1
86670 1
86674 2
86676 3
86679 1
86692 1
86698 2
86712 2
86721 2
86723 1
86736 2
86739 1
86759 2
86761 1
86763 1
86764 1
86784 2
86807 1
86809 1
86864 1
86876 1
86885 2
86893 1
86904 2
86908 1
86910 2
86917 3
86924 1
86960 2
86981 2
86988 1
86990 2
86991 3
86998 3
87001 2
87006 1
87007 2
87008 2
87021 1
87023 2
87024 3
87030 2
87040 2
87043 2
87049 1
87058 2
87069 1
87083 1
87091 1
87108 2
87118 1
87168 2
87176 2
87205 3
87208 2
87232 1
87240 2
87244 1
87246 2
87255 1
87259 2
87266 2
87267 2
87270 2
87281 2
87308 1
87317 2
87330 2
87338 2
87340 2
87348 1
87353 1
87358 2
87365 1
87372 3
87374 2
87376 2
87388 1
87411 3
87422 2
87424 2
87444 1
87452 2
87455 1
87457 1
87475 1
87478 2
87480 1
87485 1
87486 3
87489 2
87502 2
87507 1
87553 3
87554 1
87556 2
87575 2
87594 2
87595 1
87607 2
87619 2
87632 1
87663 3
87668 2
87671 1
87673 1
87680 1
87692 2
87693 2
87697 2
87701 2
87710 2
87712 2
87740 1
87743 2
87751 1
87763 2
87780 1
87787 2
87808 2
87812 2
87821 2
87833 2
87840 2
87841 1
87850 2
87851 2
87853 2
87864 4
87869 2
87876 2
87883 2
87887 2
87905 3
87916 1
87919 1
87920 2
87932 2
87935 2
87938 2
87964 2
87966 1
87976 2
87987 3
87998 2
88005 1
88006 2
88010 2
88021 2
88030 2
88031 2
88039 2
88040 2
88041 1
88048 2
88055 1
88065 2
88070 1
88089 1
88092 2
88126 2
88127 2
88156 1
88159 1
88168 1
88170 1
88174 2
88180 1
88187 2
88191 3
88210 1
88222 1
88250 2
88256 2
88259 1
88291 1
88301 2
88314 1
88315 2
88322 2
88332 1
88355 1
88371 1
88372 1
88384 2
88401 1
88421 2
88425 2
88438 2
88441 2
88442 2
88449 2
88462 2
88471 1
88477 1
88479 1
88491 1
88495 1
88502 1
88517 2
88527 1
88528 2
88537 2
88539 3
88547 2
88549 2
88554 3
88563 1
88572 2
88574 2
88579 1
88604 2
88618 1
88619 2
88621 1
88628 1
88637 2
88661 1
88678 2
88683 2
88710 1
88721 1
88733 2
88736 2
88754 2
88757 3
88765 1
88788 1
88789 1
88795 2
88808 1
88823 1
88830 1
88835 1
88836 2
88839 2
88848 1
88851 2
88859 1
88869 1
88873 2
88884 2
88893 1
88899 2
88904 2
88913 2
88915 2
88921 1
88922 1
88925 4
88927 2
88929 1
88934 1
88938 1
88939 2
88945 2
88950 1
88958 2
88961 1
88969 2
88984 2
88988 2
89001 2
89002 1
89014 2
89021 2
89026 1
89038 2
89047 1
89054 2
89063 2
89069 1
89089 1
89097 3
89100 1
89110 2
89137 2
89139 1
89141 2
89143 2
89144 2
89148 2
89149 1
89151 1
89161 4
89167 2
89198 2
89200 1
89207 2
89225 2
89226 1
89231 3
89233 1
89253 2
89259 2
89260 1
89277 1
89283 3
89286 2
89288 2
89349 3
89367 2
89380 1
89381 2
89384 2
89391 2
89394 1
89403 2
89430 1
89441 1
89460 2
89492 3
89505 2
89512 2
89521 1
89524 1
89526 2
89561 2
89571 1
89576 1
89585 1
89617 1
89623 2
89646 1
89648 1
89652 2
89655 1
89667 2
89668 1
89686 2
89697 1
89713 2
89714 1
89723 1
89762 1
89766 1
89777 1
89779 5
89785 2
89786 2
89790 2
89822 2
89836 1
89846 2
89854 1
89874 2
89876 1
89892 2
89923 2
89925 1
89928 1
89949 2
89955 2
89976 2
89979 2
89990 2
90005 2
90018 2
90030 2
90046 1
90047 2
90050 2
90055 2
90064 3
90065 3
90079 1
90085 1
90110 1
90127 3
90130 3
90135 2
90143 2
90145 2
90169 2
90183 2
90190 2
90199 1
90202 1
90208 2
90209 2
90229 2
90230 1
90251 1
90306 1
90310 1
90331 1
90332 2
90333 1
90344 1
90346 2
90379 1
90383 2
90392 2
90399 2
90401 2
90404 2
90411 1
90416 1
90428 2
90434 1
90438 2
90459 2
90473 2
90475 2
90476 2
90491 1
90504 2
90507 2
90523 1
90534 2
90541 2
90545 2
90558 1
90559 1
90565 1
90566 1
90587 1
90605 2
90609 1
90620 2
90621 1
90625 2
90655 1
90656 1
90657 1
90663 2
90666 1
90667 2
90678 2
90682 1
90688 2
90699 2
90707 1
90709 1
90712 2
90722 1
90731 1
90735 2
90743 3
90744 1
90746 1
90753 1
90765 2
90768 1
90769 2
90771 2
90781 2
90789 1
90817 2
90820 2
90822 1
90826 2
90828 2
90836 2
90838 2
90846 1
90860 2
90867 2
90871 2
90881 2
90891 1
90897 1
90898 3
90903 2
90904 2
90915 2
90917 2
90927 1
90932 1
90937 1
90939 2
90948 2
90951 2
90953 1
90962 1
90963 1
90969 2
91007 4
91010 1
91011 2
91018 2
91028 2
91044 2
91045 2
91049 1
91061 1
91071 1
91072 1
91080 1
91083 1
91092 1
91108 3
91111 1
91136 1
91140 1
91145 1
91155 4
91166 2
91171 1
91178 2
91184 1
91187 1
91190 2
91192 2
91195 1
91196 2
91197 2
91201 2
91211 1
91222 3
91265 2
91269 1
91273 2
91284 1
91286 2
91292 1
91299 2
91300 1
91330 2
91337 2
91345 2
91351 2
91356 1
91358 2
91360 2
91363 2
91375 1
91388 2
91395 1
91398 2
91423 1
91424 4
91444 1
91465 2
91498 2
91516 2
91519 1
91533 1
91536 2
91538 2
91552 1
91564 2
91574 1
91578 2
91579 2
91585 2
91592 2
91601 2
91605 2
91620 1
91625 1
91641 2
91652 2
91672 1
91677 1
91684 2
91702 2
91710 2
91716 2
91719 2
91729 2
91730 3
91737 1
91745 2
91758 2
91772 1
91776 1
91804 1
91805 1
91835 2
91849 1
91857 2
91859 1
91868 1
91880 2
91881 2
91891 2
91894 3
91895 2
91900 3
91913 2
91917 1
91929 2
91938 1
91939 1
91940 2
91952 2
91962 2
91970 1
91974 1
91981 1
91990 2
92020 2
92041 2
92042 2
92065 3
92078 2
92083 2
92086 2
92101 1
92104 1
92123 1
92125 2
92141 3
92143 2
92148 2
92152 2
92154 2
92161 2
92165 2
92186 1
92197 1
92204 2
92219 1
92220 1
92238 1
92243 2
92247 2
92250 2
92253 1
92266 2
92297 1
92310 1
92314 2
92321 2
92339 1
92353 2
92356 2
92371 1
92395 1
92410 1
92415 2
92424 2
92431 1
92447 1
92451 2
92456 1
92457 2
92459 2
92470 2
92489 2
92494 1
92503 2
92505 1
92509 2
92528 1
92541 1
92553 2
92562 2
92581 1
92582 2
92610 2
92614 2
92629 2
92653 1
92661 2
92662 2
92664 2
92669 1
92671 2
92683 2
92692 2
92695 3
92707 1
92712 1
92719 2
92727 1
92729 2
92741 2
92757 1
92775 2
92789 2
92801 1
92805 2
92822 2
92825 2
92842 1
92846 1
92851 2
92863 3
92873 2
92874 2
92893 2
92914 2
92919 1
92938 2
92945 2
92946 2
92960 2
92980 2
92981 1
92982 2
93007 2
93015 2
93037 1
93038 1
93043 1
93044 2
93053 2
93088 3
93089 1
93092 1
93095 2
93102 1
93120 1
93142 2
93146 2
93154 2
93163 2
93178 2
93179 1
93181 1
93185 2
93189 2
93193 1
93214 2
93218 1
93221 1
93230 2
93234 1
93259 2
93264 2
93284 2
93285 1
93288 1
93289 1
93295 1
93303 2
93310 1
93321 1
93322 2
93326 2
93327 1
93329 2
93339 3
93348 1
93350 1
93353 2
93357 2
93372 2
93381 1
93391 1
93394 2
93395 1
93402 2
93415 1
93417 2
93431 1
93433 2
93438 2
93451 2
93457 2
93465 2
93491 2
93501 2
93508 2
93523 2
93526 2
93532 2
93533 1
93541 1
93542 2
93549 1
93550 2
93570 1
93587 1
93593 4
93596 1
93597 2
93606 1
93607 1
93619 2
93626 2
93630 1
93638 2
93645 2
93648 1
93664 2
93669 1
93686 2
93732 2
93753 1
93758 2
93763 2
93765 2
93772 2
93773 2
93782 2
93790 2
93829 2
93830 2
93831 1
93840 2
93846 2
93877 1
93882 2
93887 1
93890 2
93908 2
93916 1
93918 2
93922 2
93930 2
93932 1
93937 1
93947 2
93953 1
93969 2
93972 2
93973 1
93976 2
93979 1
93994 1
93996 2
93998 1
94023 2
94025 2
94033 1
94054 1
94082 2
94096 1
94104 2
94111 1
94115 1
94126 1
94159 2
94173 2
94185 1
94195 1
94197 1
94207 4
94218 2
94223 2
94226 2
94231 1
94248 1
94274 1
94291 2
94292 1
94296 2
94326 1
94332 1
94354 3
94371 2
94384 2
94394 2
94396 1
94400 2
94416 2
94418 2
94466 2
94476 2
94479 2
94486 2
94492 2
94493 4
94512 2
94514 4
94526 2
94558 2
94565 2
94569 1
94575 2
94576 1
94584 1
94585 1
94595 1
94602 2
94610 2
94632 2
94639 3
94656 1
94657 3
94669 2
94676 1
94694 1
94707 2
94716 1
94730 2
94738 2
94740 2
94748 1
94757 3
94768 1
94779 1
94784 2
94786 2
94790 1
94795 1
94809 1
94811 2
94813 2
94816 1
94827 2
94829 1
94841 1
94851 1
94873 2
94882 2
94920 1
94929 2
94937 3
94939 2
94954 1
94957 2
94968 1
94976 1
94999 2
95001 2
95008 2
95012 2
95017 2
95027 2
95030 1
95036 1
95041 1
95043 1
95055 1
95069 1
95082 1
95086 1
95103 2
95107 2
95131 2
95146 2
95149 2
95155 3
95157 2
95173 2
95179 2
95182 2
95186 2
95189 2
95192 1
95207 2
95215 1
95216 2
95226 2
95239 2
95240 3
95252 1
95261 2
95266 2
95274 2
95276 1
95279 2
95289 1
95302 2
95322 2
95344 2
95350 2
95364 1
95372 2
95375 1
95390 1
95394 2
95412 2
95418 3
95421 2
95422 1
95423 2
95424 2
95432 1
95445 2
95449 2
95455 2
95476 1
95480 1
95484 1
95501 3
95518 2
95524 2
95527 1
95529 1
95539 1
95540 1
95555 3
95559 2
95572 2
95577 2
95580 2
95586 1
95592 2
95609 2
95625 2
95629 2
95638 1
95641 2
95656 2
95660 2
95678 2
95729 3
95737 2
95743 2
95751 2
95778 2
95788 2
95800 2
95817 1
95839 2
95859 2
95863 2
95867 2
95873 2
95878 1
95901 2
95916 3
95920 1
95925 2
95931 2
95951 2
95954 2
95958 2
95959 2
95962 1
95966 2
95984 1
95991 2
96019 2
96025 2
96036 1
96037 1
96038 2
96051 1
96072 2
96074 2
96084 2
96094 1
96101 2
96117 2
96129 1
96139 1
96143 2
96154 1
96157 1
96165 1
96180 3
96264 1
96278 1
96281 2
96285 3
96294 1
96301 1
96323 2
96325 1
96331 2
96344 2
96346 2
96360 2
96362 2
96370 2
96394 2
96403 1
96421 2
96429 2
96437 2
96439 2
96441 3
96443 2
96445 2
96454 2
96472 2
96490 2
96511 1
96516 3
96519 1
96524 1
96530 1
96548 2
96561 1
96562 2
96565 3
96580 2
96588 1
96608 3
96616 2
96646 2
96654 2
96661 1
96663 2
96668 2
96697 1
96701 2
96705 1
96712 1
96713 2
96719 2
96720 2
96734 2
96740 4
96753 2
96756 2
96763 2
96787 2
96791 1
96812 1
96822 3
96823 1
96840 2
96862 2
96868 2
96876 3
96884 2
96904 1
96908 2
96914 1
96919 1
96929 2
96936 1
96951 3
96956 2
96967 3
96986 1
96993 2
97017 2
97023 1
97029 1
97034 2
97038 4
97040 2
97049 4
97055 2
97068 1
97084 3
97102 2
97119 1
97128 2
97129 2
97135 1
97138 1
97150 3
97168 1
97169 2
97172 1
97184 4
97193 3
97226 2
97236 2
97238 1
97257 1
97261 3
97263 2
97266 2
97301 1
97317 2
97319 2
97325 1
97334 2
97348 1
97366 2
97376 2
97383 2
97385 2
97391 2
97393 2
97401 3
97405 1
97411 2
97417 3
97429 1
97479 1
97485 2
97486 2
97488 3
97489 1
97499 1
97511 2
97518 2
97532 2
97549 2
97552 2
97557 2
97569 2
97574 2
97589 2
97590 1
97596 2
97604 1
97611 1
97635 2
97653 1
97655 1
97660 2
97663 2
97664 2
97665 2
97672 1
97676 2
97690 1
97714 1
97726 2
97737 1
97743 2
97751 2
97752 2
97759 2
97760 2
97768 1
97778 2
97795 2
97797 4
97803 2
97815 2
97818 1
97840 1
97849 1
97851 2
97852 1
97861 2
97877 2
97885 2
97887 2
97888 2
97905 2
97920 1
97934 2
97940 2
97967 2
97970 1
97980 2
97992 1
97993 2
98001 1
98004 2
98017 2
98021 2
98029 2
98030 1
98037 1
98047 2
98051 2
98063 2
98082 2
98093 1
98096 2
98100 1
98110 2
98124 2
98137 2
98145 1
98182 2
98186 2
98190 1
98192 3
98211 2
98212 4
98214 1
98237 1
98274 1
98280 1
98282 2
98285 2
98297 2
98330 2
98334 1
98340 1
98343 2
98367 2
98368 2
98370 2
98384 2
98388 2
98406 2
98413 1
98423 1
98434 2
98436 1
98451 2
98452 1
98460 1
98461 2
98496 1
98508 1
98526 2
98534 1
98552 2
98556 2
98558 1
98560 2
98564 1
98570 1
98571 1
98582 3
98591 2
98602 2
98613 1
98637 2
98649 1
98660 2
98677 1
98684 1
98700 2
98710 2
98746 2
98762 2
98764 2
98799 2
98803 2
98826 1
98839 1
98845 2
98875 1
98906 2
98907 2
98931 2
98936 1
98941 2
98944 1
98957 4
98990 2
98994 1
98999 2
99007 2
99008 1
99013 1
99017 2
99027 2
99034 2
99063 2
99064 1
99068 1
99072 2
99096 1
99102 2
99106 2
99110 2
99111 1
99113 2
99123 1
99125 1
99163 3
99174 2
99203 2
99224 2
99244 2
99255 2
99256 1
99259 2
99278 2
99279 3
99282 2
99290 2
99293 2
99298 1
99309 2
99311 2
99314 1
99319 2
99327 1
99358 2
99370 2
99372 2
99374 2
99389 1
99395 1
99401 1
99409 2
99426 3
99461 1
99483 2
99498 2
99500 1
99507 2
99526 1
99535 2
99564 1
99566 2
99581 2
99600 1
99622 2
99625 2
99631 4
99655 2
99676 1
99706 1
99722 1
99726 2
99729 1
99739 2
99740 2
99749 2
99760 1
99761 1
99775 2
99776 1
99808 2
99813 1
99814 3
99830 2
99832 2
99833 4
99834 1
99837 1
99848 2
99866 1
99868 2
99875 2
99879 2
99880 2
99908 2
99916 2
99920 4
99921 2
99923 2
99930 2
99934 2
99935 4
99949 1
99950 3
99952 1
99954 2
99959 2
99965 2
99970 1
