41 2
74 2
97 2
146 2
149 1
152 2
270 2
280 1
313 2
319 2
353 1
369 2
536 2
575 3
589 3
628 1
633 2
648 1
660 2
705 1
710 2
730 2
823 2
1011 2
1088 3
1108 3
1144 2
1153 2
1178 2
1181 3
1187 2
1216 1
1233 2
1298 1
1303 2
1305 2
1327 2
1334 1
1341 2
1388 2
1420 2
1445 2
1475 2
1478 2
1524 1
1611 2
1664 2
1688 2
1710 2
1814 2
1936 2
1989 2
2012 2
2116 3
2126 2
2265 4
2272 2
2274 2
2277 2
2287 2
2297 2
2330 2
2333 3
2345 1
2384 2
2385 2
2389 1
2428 2
2469 1
2494 1
2517 1
2528 2
2548 2
2584 1
2591 1
2669 2
2710 2
2723 1
2742 2
2744 2
2754 2
2758 1
2768 2
2787 2
2809 2
2830 2
2838 2
2847 2
2855 2
2938 1
2947 2
3032 2
3040 2
3106 1
3227 2
3264 2
3556 2
3604 1
3686 2
3807 2
3961 2
3996 2
4054 2
4060 2
4079 2
4122 3
4132 2
4134 2
4148 2
4236 2
4237 4
4263 3
4270 4
4281 2
4304 3
4309 2
4338 3
4351 2
4442 2
4485 2
4584 3
4609 2
4645 2
4650 2
4651 2
4657 2
4692 2
4735 1
4789 2
4793 2
4852 1
4863 2
4870 1
4878 1
4879 2
4899 1
4917 2
4953 2
4991 2
5006 2
5026 2
5031 2
5037 1
5054 2
5056 2
5075 1
5097 2
5141 2
5171 2
5173 2
5174 1
5175 2
5237 2
5246 1
5258 1
5304 2
5309 1
5334 1
5335 2
5364 1
5367 2
5393 1
5395 2
5426 1
5459 2
5523 2
5530 2
5561 1
5623 1
5636 2
5653 2
5657 2
5665 1
5681 2
5689 2
5698 2
5752 2
5771 2
5813 1
5820 1
5825 2
5883 2
5888 2
5951 2
5986 2
5988 2
6025 2
6048 2
6049 1
6050 2
6262 2
6400 2
6404 2
6526 2
6603 2
6613 2
6863 2
7168 2
7169 2
7327 2
7358 2
7371 2
7585 2
7595 2
7611 2
7740 2
7909 2
7919 2
8009 2
8101 2
8125 2
8180 2
8195 2
8240 2
8308 4
8347 2
8348 2
8368 2
8553 2
8611 4
8656 2
8657 2
8690 4
8693 2
8699 4
8751 2
8772 2
8809 2
8837 2
8842 2
8847 2
8871 2
8898 4
8923 4
8951 2
8983 2
9021 2
9062 2
9067 2
9074 2
9100 3
9105 2
9119 3
9127 2
9176 3
9227 5
9243 2
9252 3
9255 2
9276 3
9277 2
9292 2
9333 3
9353 2
9370 2
9373 1
9381 1
9389 2
9398 1
9443 2
9469 2
9503 1
9513 2
9519 2
9537 1
9594 1
9614 1
9622 2
9626 2
9627 1
9647 1
9678 2
9694 1
9720 1
9738 1
9741 2
9748 1
9764 2
9812 1
9826 1
9841 2
9890 1
9927 2
9992 1
10004 1
10021 2
10027 2
10029 1
10038 2
10044 1
10062 2
10063 2
10086 2
10104 1
10163 1
10164 1
10175 1
10189 2
10195 1
10210 2
10211 1
10231 1
10240 2
10273 2
10326 2
10328 2
10335 2
10346 2
10360 2
10372 1
10385 1
10406 1
10427 2
10454 2
10460 2
10462 1
10463 1
10464 1
10482 1
10500 2
10521 2
10565 2
10596 1
10695 2
10714 2
10716 1
10769 1
10780 2
10854 2
10892 1
10941 2
10942 2
10970 1
10989 1
11003 1
11017 2
11029 1
11031 2
11066 2
11074 2
11101 1
11112 2
11131 2
11134 2
11142 2
11155 2
11189 1
11229 2
11257 2
11331 1
11405 2
11416 2
11426 2
11440 2
11449 2
11463 2
11490 2
11518 1
11520 2
11578 2
11587 2
11593 2
11601 2
11625 2
11649 1
11655 2
11656 2
11675 2
11733 2
11739 2
11781 2
11857 2
11938 2
11950 2
11961 1
11970 2
11989 1
12025 2
12061 2
12118 2
12155 2
12267 2
12435 2
12710 1
12730 2
12799 2
12869 2
12948 2
12985 1
12998 2
13122 2
13178 2
13394 2
13485 2
13585 2
13596 2
13661 2
14009 1
14089 2
14271 2
14511 2
14605 2
14770 2
15000 2
15263 2
15280 2
15405 2
15564 2
15569 2
15736 2
15916 2
15948 2
15995 2
16176 2
16228 2
16428 2
16536 2
16602 2
16634 2
16781 2
16795 2
16897 2
17031 3
17044 2
17067 2
17076 2
17154 2
17174 2
17175 2
17188 2
17205 2
17240 4
17259 3
17277 2
17293 2
17313 2
17319 2
17373 2
17374 2
17383 2
17387 3
17422 2
17430 2
17472 2
17531 2
17625 2
17628 2
17631 3
17632 2
17637 2
17648 4
17660 4
17744 2
17799 2
17810 2
17812 2
17826 3
17854 2
17875 3
17925 3
17929 3
17934 2
17964 3
17982 2
18060 2
18094 3
18107 3
18112 2
18126 4
18132 2
18134 5
18152 2
18171 2
18176 2
18201 2
18257 5
18259 2
18279 3
18284 4
18303 3
18349 2
18354 3
18379 2
18389 2
18434 2
18461 2
18473 2
18483 2
18488 4
18494 3
18502 2
18508 2
18521 2
18540 2
18574 2
18592 2
18606 4
18673 2
18675 3
18697 2
18713 2
18732 3
18749 2
18751 2
18762 2
18779 2
18802 2
18822 3
18831 2
18848 2
18854 4
18900 1
18921 2
18939 2
18983 1
18995 1
19033 2
19055 1
19095 1
19121 2
19191 2
19225 1
19233 1
19245 2
19251 1
19281 1
19307 1
19314 1
19318 1
19354 1
19355 2
19361 1
19370 2
19398 2
19454 1
19460 2
19511 1
19529 1
19537 1
19587 1
19605 1
19608 2
19657 2
19665 1
19680 1
19687 1
19701 1
19702 1
19703 1
19711 2
19713 1
19733 1
19739 1
19763 2
19766 1
19772 1
19800 2
19816 2
19824 2
19862 2
19887 1
19920 1
19936 2
19941 1
19962 1
19983 1
19994 1
20011 2
20047 1
20087 1
20088 2
20125 1
20149 1
20156 1
20157 1
20159 1
20177 2
20188 1
20189 1
20206 2
20226 2
20243 2
20251 1
20266 1
20271 2
20321 1
20330 2
20379 2
20416 1
20498 1
20499 1
20508 2
20524 1
20537 1
20547 2
20593 1
20599 2
20608 2
20644 2
20655 2
20666 1
20678 2
20681 1
20691 2
20699 2
20705 2
20717 2
20736 2
20751 2
20776 2
20781 1
20787 1
20798 2
20801 2
20840 1
20843 2
20844 1
20849 2
20854 1
20871 1
20875 1
20876 2
20885 2
20899 2
20907 2
20916 1
20938 2
20940 2
20944 2
20954 2
20956 1
20989 2
20997 2
21024 1
21038 2
21061 2
21063 1
21071 2
21090 2
21100 1
21157 2
21187 1
21192 2
21222 2
21235 1
21253 1
21260 2
21261 1
21280 1
21286 1
21400 1
21405 1
21408 1
21499 1
21508 1
21524 2
21534 2
21545 2
21555 2
21582 2
21694 1
21708 2
21716 1
21735 2
21742 1
21744 2
21745 1
21753 2
21766 2
21775 1
21837 2
21926 2
21927 2
21947 2
22012 2
22020 2
22061 2
22089 2
22091 2
22116 2
22124 2
22170 2
22190 1
22202 2
22215 1
22245 2
22299 2
22312 2
22333 2
22352 1
22387 2
22388 1
22504 2
22505 1
22567 2
22572 1
22593 2
22598 1
22621 2
22634 2
22660 2
22675 2
22746 2
22785 2
22801 1
22820 1
22921 2
22975 2
23069 2
23113 2
23122 1
23150 2
23211 2
23265 2
23288 2
23364 2
23504 2
23525 2
23585 2
23648 2
23668 1
23677 2
23685 2
23709 2
23770 2
23802 2
23813 2
23820 2
23845 2
23875 1
23917 2
24089 2
24119 2
24135 2
24273 2
24379 1
24456 1
24467 1
24484 2
24617 2
24647 1
24677 2
24791 2
24814 1
24961 2
25003 2
25196 2
25198 2
25240 2
25393 2
25442 2
25480 2
25642 2
25737 2
25802 2
25829 2
25835 2
25838 2
26079 2
26085 2
26193 2
26208 2
26227 2
26294 2
26297 2
26472 2
26591 2
26595 2
26641 2
26668 2
26763 2
27042 2
27046 2
27170 2
27360 2
27476 2
27597 2
27733 2
27764 2
27796 3
27817 2
27919 2
28048 2
28295 2
28422 2
28432 2
28448 2
28544 2
28577 2
29066 2
29175 2
29290 2
29559 2
29717 2
29718 2
29981 2
30067 2
30480 2
30566 2
30570 2
30750 3
30914 2
30916 2
31062 2
31194 2
31317 2
31371 2
31605 2
31631 2
31709 3
31806 2
31950 2
32042 2
32140 2
32243 2
32426 2
32445 2
32472 2
32478 2
32496 3
32699 2
32718 2
32760 2
33009 3
33054 2
33110 3
33207 2
33305 3
33369 2
33483 2
33509 2
33674 2
33702 2
33816 2
33832 2
33927 2
33937 2
33939 2
34030 2
34035 2
34047 2
34066 2
34068 2
34071 2
34072 2
34095 2
34157 2
34165 2
34197 2
34270 2
34286 2
34290 2
34303 2
34307 3
34319 2
34359 3
34365 2
34431 3
34435 2
34464 4
34483 2
34586 1
34658 2
34659 4
34663 2
34668 3
34701 2
34711 2
34733 3
34742 2
34746 2
34786 3
34788 2
34853 3
34874 2
34876 5
34877 2
34927 2
34931 2
35074 2
35077 2
35117 2
35146 2
35153 4
35170 2
35218 2
35270 2
35282 2
35309 2
35345 2
35425 3
35475 2
35478 2
35484 2
35489 3
35499 2
35509 2
35511 2
35526 4
35553 3
35559 2
35570 3
35660 2
35671 2
35730 3
35733 2
35746 2
35755 5
35842 2
35856 2
35861 2
35882 2
35903 2
35931 2
35934 2
35946 2
35968 2
35992 2
35997 3
36010 2
36019 2
36032 4
36099 2
36166 2
36172 2
36173 3
36199 2
36209 2
36211 3
36217 2
36223 2
36246 2
36272 2
36317 3
36322 2
36325 2
36365 2
36419 2
36420 2
36423 2
36451 2
36493 2
36507 2
36554 2
36624 2
36636 3
36650 2
36683 2
36704 3
36740 3
36741 4
36779 3
36790 2
36795 2
36796 2
36800 3
36850 3
36862 2
36869 2
36874 4
36905 2
36940 3
36949 3
36957 2
36958 3
36963 2
36965 2
36967 2
36990 3
37005 3
37009 3
37034 3
37045 2
37077 2
37086 2
37106 2
37140 2
37154 2
37167 3
37170 2
37189 4
37198 2
37205 5
37209 3
37219 2
37237 3
37318 2
37328 5
37329 3
37344 2
37365 2
37414 5
37439 2
37444 4
37491 2
37520 2
37521 2
37545 2
37579 2
37605 2
37617 4
37627 4
37647 2
37657 5
37662 2
37700 2
37746 3
37772 2
37795 3
37844 2
37858 4
37923 2
37962 2
37986 2
37998 2
38006 2
38012 2
38014 2
38081 4
38085 4
38117 2
38123 2
38140 5
38148 1
38178 1
38207 2
38218 2
38221 2
38233 2
38245 2
38250 1
38253 1
38257 2
38269 1
38297 1
38319 1
38328 1
38333 1
38344 1
38351 1
38358 2
38362 1
38378 2
38382 1
38385 1
38389 2
38392 1
38402 1
38412 1
38418 1
38452 1
38463 1
38479 1
38494 1
38518 1
38608 2
38614 2
38643 2
38664 1
38674 2
38692 2
38693 2
38706 1
38710 1
38720 2
38748 1
38781 1
38797 1
38817 1
38853 1
38866 2
38869 1
38903 1
38919 1
38926 2
38931 1
38963 1
38964 2
39000 1
39002 1
39019 1
39026 1
39028 1
39040 1
39052 1
39061 2
39064 1
39084 2
39091 1
39104 1
39106 2
39152 2
39170 1
39220 2
39237 1
39282 1
39286 2
39296 1
39302 1
39321 2
39341 1
39343 1
39346 1
39351 1
39376 1
39385 1
39391 2
39434 2
39442 1
39458 1
39463 2
39481 1
39492 1
39495 1
39505 2
39508 2
39520 1
39553 1
39572 2
39696 1
39702 1
39730 2
39738 2
39768 2
39773 2
39776 1
39799 2
39805 2
39809 1
39823 2
39830 2
39875 1
39892 1
39895 1
39899 2
39900 2
39903 1
39922 1
39923 2
39960 1
39978 2
40032 1
40063 1
40083 1
40085 2
40108 2
40137 2
40156 1
40163 1
40166 2
40171 2
40197 1
40199 2
40236 2
40238 1
40252 2
40275 1
40287 2
40297 2
40306 2
40307 1
40327 2
40330 1
40343 1
40356 1
40385 1
40387 2
40415 1
40422 2
40438 2
40449 2
40486 1
40517 1
40538 1
40576 1
40577 1
40638 2
40660 1
40670 2
40685 2
40723 2
40752 1
40762 1
40772 2
40822 2
40842 2
40854 2
40870 1
40881 1
40887 1
40913 2
40917 1
40922 1
40927 1
40933 1
40959 1
40974 1
41024 1
41058 2
41068 2
41152 2
41181 2
41210 1
41225 1
41281 2
41300 2
41336 1
41347 1
41356 2
41415 2
41495 2
41496 2
41549 2
41556 1
41580 2
41609 2
41613 2
41685 1
41697 1
41701 2
41708 1
41718 2
41722 1
41748 2
41775 2
41786 1
41848 2
41850 2
41889 1
41903 1
41930 2
41951 2
41968 1
41987 2
41990 2
42012 1
42034 1
42035 1
42042 2
42080 2
42105 2
42120 1
42123 1
42129 2
42146 1
42194 2
42221 2
42302 1
42312 2
42316 1
42375 1
42416 2
42427 1
42440 1
42551 2
42560 1
42575 2
42590 1
42601 2
42605 2
42624 2
42637 2
42672 2
42691 2
42745 2
42800 2
42833 1
42856 2
42895 1
42917 1
42930 2
42943 1
42944 1
42955 1
42958 2
43083 2
43104 2
43121 2
43128 1
43148 2
43158 2
43170 1
43171 1
43203 2
43207 2
43228 2
43229 1
43230 1
43232 2
43244 1
43278 1
43282 2
43303 2
43314 1
43320 2
43328 1
43363 1
43372 2
43384 1
43391 1
43399 1
43418 1
43435 1
43446 1
43472 2
43492 2
43502 1
43516 1
43551 2
43582 1
43606 1
43607 2
43612 1
43615 2
43633 1
43669 1
43760 1
43778 1
43805 2
43821 1
43852 2
43877 2
43895 1
43907 2
43927 1
43937 2
43941 1
43946 2
43952 2
43953 1
43998 2
44033 2
44050 1
44062 1
44101 2
44106 2
44114 2
44129 2
44153 2
44165 2
44169 2
44210 2
44231 2
44245 2
44279 2
44296 1
44314 1
44325 2
44394 2
44424 2
44428 1
44444 2
44472 2
44485 1
44505 2
44540 2
44583 1
44644 1
44670 2
44681 2
44685 1
44702 2
44785 2
44786 2
44803 2
44817 2
44853 2
44864 2
44874 2
44917 2
44946 2
44964 2
45041 2
45050 1
45084 1
45086 2
45111 1
45185 2
45225 2
45253 2
45266 1
45320 1
45341 2
45363 2
45384 2
45427 2
45489 2
45534 3
45565 2
45601 1
45604 2
45615 2
45632 2
45691 2
45738 2
45752 2
45783 1
45787 1
45825 2
45866 2
45900 1
45905 2
45953 2
45964 2
46042 2
46064 2
46066 2
46070 1
46084 1
46096 2
46102 2
46112 1
46171 2
46197 2
46244 2
46251 2
46277 2
46295 2
46332 1
46347 2
46393 2
46410 2
46450 1
46455 2
46457 1
46464 2
46553 2
46579 2
46658 2
46700 2
46704 2
46717 2
46804 2
46813 2
46863 2
46868 2
46890 1
46925 2
46974 2
47008 1
47070 2
47128 1
47171 2
47244 2
47272 2
47325 2
47363 1
47380 2
47442 1
47484 2
47505 2
47553 2
47761 2
47815 2
47828 2
47873 2
47926 2
47929 1
47965 2
48085 1
48111 1
48242 1
48248 2
48469 2
48483 2
48547 2
48607 2
48761 1
48815 2
48846 1
48880 2
48905 2
49000 2
49060 2
49083 1
49253 2
49350 2
49367 1
49437 2
49458 1
49576 2
49654 1
49658 2
49873 2
50154 1
50173 2
50349 2
50503 2
50561 1
50565 2
50664 2
50724 2
50753 2
50779 2
50831 2
50857 1
50898 2
50956 2
51049 2
51060 2
51089 2
51135 2
51161 2
51375 2
51404 2
51814 2
51854 2
52004 2
52176 2
52408 2
52485 2
52718 2
52801 2
52887 2
53057 2
53084 2
53142 1
53286 2
53408 2
53483 2
53567 2
53650 2
53660 2
53769 2
53833 2
53854 2
53970 2
54073 2
54077 2
54294 2
54361 2
54511 2
54621 2
54704 2
54709 2
54726 2
54728 2
54811 2
54882 2
55067 2
55315 2
55451 2
55618 2
55828 2
55842 2
56021 2
56069 2
56164 2
56380 2
56468 2
56634 2
57159 2
57299 2
57376 2
57527 2
57558 2
57628 2
57973 2
57994 2
58018 2
58022 2
58146 2
58191 2
58216 2
58291 2
58308 3
58487 2
58489 2
58634 2
58673 2
58877 2
58976 2
59350 2
59400 2
59424 2
59490 2
59525 1
59561 2
59581 2
59722 2
59934 2
60023 2
60367 2
60389 2
60413 2
60577 2
60728 2
60902 2
61205 2
61227 2
61360 2
61489 2
61552 2
61624 2
61789 3
61791 3
61816 2
61871 2
61978 2
62181 2
62336 2
62440 2
62458 2
62537 2
62547 2
62644 2
62651 2
62695 2
62714 2
62771 2
62844 2
62926 2
62970 2
62972 2
63006 2
63102 2
63110 2
63277 2
63303 2
63358 2
63443 2
63499 3
63554 2
63588 2
63590 2
63637 2
63643 2
63730 3
63771 2
63774 2
63834 3
63898 2
63957 2
63978 2
63989 2
64062 2
64068 2
64099 2
64121 2
64164 2
64222 2
64285 4
64498 2
64546 2
64554 2
64594 2
64646 2
64665 2
64728 2
64765 2
64842 2
64847 2
64899 2
64946 2
65007 2
65039 3
65100 2
65102 2
65149 3
65155 2
65193 2
65268 2
65399 2
65599 2
65616 3
65672 2
65706 2
65720 3
65809 2
65851 2
65890 3
65933 2
65945 2
65972 2
65979 2
66022 2
66050 2
66066 3
66091 2
66139 2
66153 2
66239 3
66276 2
66302 2
66318 3
66404 2
66517 2
66527 2
66549 2
66581 2
66625 2
66713 2
66720 2
66762 2
66783 2
66791 2
66814 2
66824 2
66832 2
66844 2
66855 2
66985 2
67082 2
67113 2
67178 2
67212 2
67242 2
67243 2
67276 2
67301 3
67352 4
67363 3
67458 3
67507 2
67558 2
67608 2
67777 2
67824 2
67853 2
67956 2
67960 2
67977 2
68053 4
68067 2
68188 2
68209 3
68249 2
68353 2
68500 2
68566 2
68593 2
68639 2
68659 2
68670 3
68689 2
68708 2
68761 2
68804 3
68824 3
68828 2
68834 2
68995 2
69000 2
69010 2
69011 2
69041 3
69074 3
69093 2
69138 2
69172 2
69186 2
69189 2
69197 2
69213 2
69268 2
69276 2
69341 3
69374 4
69445 2
69486 2
69573 2
69574 2
69590 2
69622 2
69680 2
69683 2
69705 2
69717 2
69770 4
69771 2
69779 2
69780 2
69799 2
69823 2
69855 2
69892 2
69927 2
69939 2
70005 2
70130 3
70181 2
70270 3
70279 2
70306 2
70356 3
70364 2
70418 2
70433 3
70472 3
70504 2
70505 3
70507 2
70602 3
70646 3
70685 2
70699 2
70707 2
70802 2
70820 2
70827 2
70892 2
70909 3
70969 2
70971 3
70997 2
70998 2
71008 2
71079 2
71225 2
71255 3
71257 2
71284 3
71383 2
71385 2
71386 2
71393 3
71409 3
71421 2
71452 3
71462 2
71488 2
71590 2
71599 2
71623 2
71626 3
71662 3
71679 2
71685 2
71708 2
71712 2
71732 3
71733 2
71753 3
71785 2
71810 2
71811 2
71852 2
71857 2
71859 2
71932 2
71961 3
72017 2
72024 2
72039 2
72052 2
72062 2
72071 2
72105 2
72232 2
72275 5
72290 3
72298 2
72346 2
72375 3
72433 3
72440 2
72446 2
72468 2
72496 2
72539 2
72582 2
72592 2
72601 2
72613 4
72728 2
72778 2
72780 3
72816 2
72844 3
72852 2
72855 2
72898 2
72922 2
72925 3
72930 2
72935 2
72956 2
72982 3
73004 2
73033 5
73039 3
73053 2
73125 2
73208 2
73245 3
73289 2
73297 2
73312 4
73316 3
73321 2
73325 2
73381 4
73407 5
73418 2
73470 3
73475 2
73509 2
73533 5
73539 2
73601 4
73611 2
73612 2
73653 3
73690 2
73723 2
73732 2
73734 2
73757 3
73761 2
73800 2
73837 3
73841 2
73843 2
73873 2
73900 3
73932 2
73963 2
73967 3
73978 3
73986 2
74017 2
74023 2
74025 2
74031 2
74046 2
74069 3
74074 2
74077 2
74081 5
74121 2
74150 3
74163 4
74174 2
74209 2
74215 4
74299 2
74306 2
74352 2
74387 2
74402 2
74422 2
74482 2
74560 2
74563 2
74575 2
74609 5
74623 2
74645 2
74687 3
74788 3
74799 4
74824 3
74833 2
74841 4
74852 2
74904 2
74907 2
74992 2
75035 2
75061 2
75072 2
75090 3
75101 2
75109 3
75118 2
75175 2
75193 2
75198 2
75268 2
75283 5
75307 2
75330 2
75369 2
75410 5
75447 2
75451 2
75470 2
75484 2
75493 3
75515 3
75519 3
75544 2
75563 2
75609 2
75626 4
75634 2
75645 2
75659 4
75660 2
75688 2
75712 3
75746 2
75754 3
75771 4
75778 3
75789 3
75792 2
75804 4
75815 2
75825 3
75855 3
75880 4
75884 2
75891 2
75893 3
75898 3
75909 5
75924 4
75944 2
75955 4
75983 2
76013 5
76025 2
76036 2
76075 4
76088 5
76112 2
76143 2
76156 4
76167 2
76188 2
76199 2
76226 4
76236 2
76262 2
76297 5
76345 2
76347 2
76380 2
76417 2
76429 4
76472 2
76497 3
76523 4
76524 5
76554 2
76586 2
76588 2
76597 3
76601 2
76608 2
76611 2
76612 4
76626 3
76627 3
76642 2
76681 4
76693 2
76699 1
76701 2
76704 2
76718 1
76721 1
76726 2
76730 2
76743 1
76751 1
76763 1
76795 2
76814 1
76846 1
76912 2
76945 2
76981 1
76986 1
77032 2
77038 2
77048 2
77055 2
77102 1
77103 1
77105 2
77107 1
77108 1
77112 2
77122 2
77154 1
77161 2
77166 1
77175 1
77206 1
77230 1
77235 2
77237 2
77246 2
77258 2
77309 1
77347 1
77357 2
77370 1
77373 1
77401 1
77441 1
77474 1
77490 2
77492 2
77499 1
77510 2
77513 2
77515 1
77536 1
77538 2
77554 2
77561 1
77574 2
77582 1
77593 2
77595 1
77606 1
77630 2
77653 1
77660 2
77677 1
77686 2
77715 1
77717 2
77722 1
77748 2
77749 1
77762 1
77776 2
77790 1
77817 1
77857 1
77882 1
77902 1
77931 1
77932 2
77933 2
77941 1
77953 1
77977 1
77984 1
77986 2
77994 2
77999 1
78003 1
78022 1
78026 2
78056 1
78139 1
78140 1
78148 2
78159 1
78224 2
78237 1
78259 1
78263 2
78265 1
78286 1
78341 1
78347 2
78368 1
78374 2
78392 2
78453 1
78511 1
78534 1
78542 2
78548 2
78555 2
78557 1
78572 2
78633 1
78643 1
78711 1
78736 2
78754 1
78784 2
78791 1
78841 1
78862 1
78865 1
78876 2
78907 1
78926 1
78967 2
78983 2
78987 1
78995 2
78998 1
79003 1
79017 2
79047 1
79063 1
79118 1
79139 1
79156 1
79159 1
79176 1
79186 2
79192 1
79208 2
79219 2
79237 2
79239 1
79260 1
79267 2
79272 1
79289 1
79292 2
79297 1
79328 1
79355 1
79374 2
79388 2
79406 2
79411 1
79483 2
79491 2
79544 2
79559 2
79578 1
79612 1
79625 2
79706 1
79718 1
79725 1
79738 1
79782 1
79797 1
79799 1
79801 2
79846 2
79850 2
79871 2
79879 2
79880 1
79890 1
79898 2
79903 1
80064 1
80099 2
80107 2
80114 2
80138 2
80141 1
80144 2
80148 2
80226 1
80237 2
80257 2
80270 1
80302 2
80308 1
80333 1
80340 1
80348 1
80351 2
80366 2
80381 2
80391 1
80399 1
80407 2
80408 1
80418 2
80426 1
80506 1
80524 2
80541 1
80542 1
80558 2
80591 1
80630 1
80671 2
80686 1
80695 1
80744 2
80760 2
80770 2
80826 1
80833 1
80840 1
80863 1
80877 1
80892 2
80907 1
80915 2
80933 1
80934 1
80950 2
80994 1
81020 1
81032 2
81047 2
81061 2
81064 1
81096 2
81109 1
81119 1
81147 1
81172 2
81187 1
81195 2
81232 2
81297 1
81302 1
81310 1
81331 1
81343 2
81412 1
81421 1
81438 2
81450 1
81458 1
81467 1
81509 1
81532 1
81541 2
81575 1
81616 2
81642 1
81661 1
81664 1
81681 2
81703 2
81777 1
81852 1
81866 2
81870 2
81893 2
81961 2
81962 1
81963 1
82001 2
82020 1
82024 1
82029 2
82048 1
82049 1
82060 1
82062 1
82117 2
82121 2
82133 1
82152 1
82209 1
82233 1
82269 1
82279 1
82293 1
82296 1
82400 1
82419 1
82434 1
82458 2
82459 1
82460 1
82473 1
82488 2
82517 2
82530 2
82546 1
82564 1
82566 2
82575 2
82594 2
82600 1
82630 2
82646 2
82657 1
82724 1
82726 2
82772 2
82784 1
82786 2
82809 2
82817 2
82844 1
82861 2
82885 1
82893 2
82916 2
82943 1
82944 2
82966 2
82971 2
82974 1
83005 1
83015 1
83016 2
83056 2
83080 2
83097 2
83168 1
83185 1
83190 2
83213 1
83220 2
83237 1
83258 1
83266 1
83275 1
83279 1
83293 2
83301 2
83389 2
83416 1
83424 1
83446 1
83449 1
83454 2
83455 2
83461 2
83478 2
83480 1
83494 1
83500 2
83550 2
83570 2
83585 1
83621 2
83626 1
83634 2
83686 2
83732 1
83745 1
83746 1
83766 1
83778 2
83783 1
83788 1
83812 1
83820 2
83843 2
83915 2
83931 2
83989 1
84011 1
84020 2
84048 2
84049 2
84102 1
84129 1
84190 2
84197 1
84284 2
84293 1
84294 2
84305 2
84310 2
84316 1
84357 1
84384 2
84417 2
84448 1
84491 1
84497 2
84505 1
84510 1
84587 2
84606 2
84623 2
84651 2
84677 2
84680 2
84687 2
84701 2
84735 2
84740 2
84748 2
84777 2
84797 2
84846 1
84872 2
84914 2
84928 1
84934 2
84956 1
84960 2
84975 1
85010 2
85045 1
85046 2
85051 2
85067 1
85103 1
85122 2
85145 2
85152 1
85158 2
85218 2
85230 1
85231 1
85299 1
85357 1
85402 2
85404 1
85406 2
85427 1
85428 2
85445 1
85464 2
85482 2
85525 1
85528 2
85529 1
85541 2
85552 1
85555 2
85615 2
85630 1
85647 1
85665 1
85666 2
85672 1
85686 2
85689 2
85726 1
85788 2
85793 2
85810 2
85838 1
85844 2
85866 2
85878 2
85918 2
85923 2
85937 2
86004 1
86019 2
86038 2
86046 1
86050 2
86086 2
86120 1
86123 1
86127 2
86133 2
86134 2
86152 2
86192 1
86228 2
86230 2
86237 2
86262 1
86288 2
86296 2
86311 1
86325 1
86334 1
86341 1
86343 2
86364 2
86476 1
86508 2
86574 2
86576 2
86603 2
86613 2
86625 2
86631 1
86632 2
86651 2
86684 2
86685 2
86705 2
86781 1
86797 2
86833 1
86839 2
86856 2
86875 2
86889 2
87067 1
87074 2
87077 1
87095 2
87106 1
87109 1
87114 2
87173 2
87216 1
87259 2
87265 1
87280 1
87305 2
87312 1
87358 1
87371 1
87372 2
87404 2
87425 2
87426 2
87429 2
87443 1
87484 2
87494 1
87497 1
87508 2
87519 2
87540 2
87546 1
87547 2
87554 2
87574 1
87604 1
87635 2
87661 1
87664 2
87716 1
87747 2
87778 2
87779 2
87805 2
87811 1
87870 2
87872 2
87933 2
87947 1
87969 2
87987 2
87993 2
87998 2
88064 1
88070 1
88198 2
88215 1
88268 2
88308 2
88315 1
88325 1
88337 2
88345 2
88352 2
88414 2
88421 1
88479 1
88512 2
88514 2
88538 1
88555 2
88561 1
88566 1
88581 2
88583 1
88631 2
88656 1
88661 1
88675 1
88762 2
88777 2
88806 2
88834 1
88843 1
88871 2
88882 2
88930 1
88948 1
88949 2
88992 2
89008 1
89030 2
89033 2
89038 2
89061 2
89076 2
89098 2
89102 2
89112 2
89161 2
89170 2
89202 2
89233 2
89251 2
89337 2
89347 2
89359 1
89387 2
89402 2
89418 1
89490 2
89544 2
89580 1
89593 1
89617 2
89657 1
89659 2
89674 1
89692 2
89721 2
89741 2
89761 2
89814 2
89908 2
89923 2
89932 2
89941 2
89947 2
89979 1
89989 2
90089 2
90100 2
90154 1
90160 2
90200 2
90207 1
90210 2
90228 2
90278 1
90362 1
90372 1
90375 2
90406 2
90462 2
90566 2
90609 2
90622 2
90663 2
90669 1
90775 2
90835 1
90845 2
90873 2
90971 2
90999 2
91010 2
91024 2
91031 2
91053 2
91061 2
91072 1
91082 2
91085 2
91093 2
91141 2
91145 1
91173 2
91231 2
91247 2
91285 1
91294 2
91312 1
91319 2
91361 2
91363 1
91389 2
91391 2
91397 1
91400 1
91499 1
91513 1
91565 2
91597 1
91621 2
91642 1
91645 2
91687 1
91694 2
91725 2
91768 1
91781 2
91852 2
91856 2
91858 2
91861 2
91906 2
91919 1
91936 2
91967 2
91998 1
92033 1
92063 2
92094 2
92130 2
92157 2
92198 2
92228 1
92236 2
92247 2
92258 2
92266 2
92309 2
92312 2
92317 1
92329 2
92498 2
92506 1
92519 2
92555 2
92644 2
92673 2
92698 1
92714 2
92720 2
92738 1
92806 2
92893 1
92920 2
92934 1
92941 2
92998 2
92999 2
93000 1
93015 2
93034 2
93038 2
93087 2
93102 2
93126 2
93170 1
93194 1
93220 1
93232 2
93233 2
93234 2
93263 1
93293 1
93309 2
93316 2
93342 1
93402 2
93414 2
93469 2
93498 1
93562 1
93592 2
93594 1
93633 1
93675 2
93682 2
93859 1
93863 1
93881 1
94064 2
94065 2
94073 2
94117 2
94130 2
94131 2
94148 1
94170 2
94230 2
94261 2
94311 2
94318 2
94320 2
94326 2
94383 2
94396 1
94437 2
94457 1
94507 2
94522 2
94536 2
94542 1
94548 2
94553 2
94622 2
94625 1
94661 2
94709 1
94720 2
94791 2
94900 2
94921 2
95021 2
95056 2
95088 1
95092 1
95145 2
95153 1
95162 1
95170 2
95213 1
95220 2
95242 1
95302 1
95308 2
95347 2
95416 1
95428 2
95448 2
95557 2
95561 2
95630 2
95664 1
95717 2
95763 2
95766 2
95822 2
95901 2
95944 1
96060 2
96061 1
96138 1
96186 2
96233 2
96244 1
96269 2
96413 1
96420 2
96446 2
96459 2
96460 2
96465 2
96506 2
96558 2
96573 2
96633 2
96667 2
96718 2
96723 2
96743 2
96783 2
96825 2
96904 2
96923 2
96944 2
96991 2
97002 1
97021 2
97023 2
97066 2
97191 2
97210 2
97249 2
97342 2
97355 2
97549 2
97569 2
97663 2
97675 2
97708 2
97748 1
97785 2
97940 2
97960 2
98001 2
98067 2
98176 2
98197 2
98217 2
98243 2
98249 2
98259 2
98320 2
98352 2
98456 2
98481 2
98571 2
98660 2
98673 2
98683 2
98702 2
98742 2
98750 2
98790 2
98834 2
98867 1
98972 1
99006 2
99038 2
99068 2
99148 2
99240 2
99276 2
99277 1
99314 2
99462 2
99553 2
99763 2
99847 2
99932 2
99945 2
